G"qwertyuiopasdfghjklzxcvbnmpyfgcrlaoeuidhtnsqjkxbmwvz"VG

+"S"$"top giving me shift!".lower()
name 'safe_mode' is not defined
abcdefghijklmnoppqrstuvwxxyzG."
." is not implemented, 1 from the end.
                                                  Code                   G                 H                  N                 T                  Y                   Z                 b                   d                 k
0                                                   #G        [1, 0, 0, 1]      [0, 0, 0, 0]       [0, 0, 0, 0]      [0, 0, 0, 0]       [0, 0, 0, 0]        [0, 0, 0, 0]      [0, 0, 0, 0]        [0, 0, 0, 0]      [0, 0, 0, 0]
1                              L?+y/hb3@"0+-"%b3bk|yQ0        [0, 0, 0, 0]      [0, 0, 0, 0]       [0, 0, 0, 0]      [0, 0, 0, 0]       [0, 0, 0, 0]        [0, 0, 1, 1]      [0, 4, 0, 0]        [0, 0, 0, 0]      [1, 0, 0, 1]
2                                     oc/|YN/zNo_/zZSz        [0, 0, 0, 0]      [0, 0, 0, 0]       [0, 2, 0, 0]      [0, 0, 0, 0]       [1, 0, 0, 1]        [0, 1, 0, 0]      [0, 0, 0, 0]        [0, 0, 0, 0]      [0, 0, 0, 0]
3                            D(GHYZ)R?+G(tHGtZt-GY)ZhY        [4, 0, 0, 4]      [2, 0, 0, 2]       [0, 0, 0, 0]      [0, 0, 0, 0]       [3, 0, 0, 3]        [3, 0, 0, 3]      [0, 0, 0, 0]        [0, 0, 0, 0]      [0, 0, 0, 0]
4                                               W1~ddd        [0, 0, 0, 0]      [0, 0, 0, 0]       [0, 0, 0, 0]      [0, 0, 0, 0]       [0, 0, 0, 0]        [0, 0, 0, 0]      [0, 0, 0, 0]        [3, 0, 0, 3]      [0, 0, 0, 0]
5    G"qwertyuiopasdfghjklzxcvbnmpyfgcrlaoeuidhtnsq...        [0, 0, 0, 0]      [0, 0, 0, 0]       [0, 0, 0, 0]      [0, 0, 0, 0]       [0, 0, 0, 0]        [0, 0, 0, 0]      [0, 0, 0, 0]        [0, 0, 0, 0]      [0, 0, 0, 0]
6          W1sm?C+33@[8Z31 2 3 4 61 5tT7)vd}Cdr48 58dw        [0, 0, 0, 0]      [0, 0, 0, 0]       [0, 0, 0, 0]      [1, 0, 0, 1]       [0, 0, 0, 0]        [1, 0, 0, 1]      [0, 0, 0, 0]        [0, 3, 0, 0]      [0, 0, 0, 0]
7          J"+K+N+J+N+\K+N+K+NJ"K"J"+K+N+J+N+\K+N+K+NJ        [0, 0, 0, 0]      [0, 0, 0, 0]       [4, 0, 0, 4]      [0, 0, 0, 0]       [0, 0, 0, 0]        [0, 0, 0, 0]      [0, 0, 0, 0]        [0, 0, 0, 0]      [0, 0, 0, 0]
8        K"/\\"Jt+*QdKVQpbJ=JjKsmcd"\ "cj*2dc+Jd_K" /"        [0, 0, 0, 0]      [0, 0, 0, 0]       [1, 0, 0, 1]      [0, 0, 0, 0]       [0, 0, 0, 0]        [0, 0, 0, 0]      [1, 0, 0, 1]        [3, 1, 0, 3]      [0, 0, 0, 0]
9                                            p*w3"STAA        [0, 0, 0, 0]      [0, 0, 0, 0]       [0, 0, 0, 0]      [0, 0, 0, 0]       [0, 0, 0, 0]        [0, 0, 0, 0]      [0, 0, 0, 0]        [0, 0, 0, 0]      [0, 0, 0, 0]
10                           QW!}QY~Y]Q=Q_S+fTmtdQ]lQQ        [0, 0, 0, 0]      [0, 0, 0, 0]       [0, 0, 0, 0]      [0, 1, 0, 0]       [2, 0, 0, 2]        [0, 0, 0, 0]      [0, 0, 0, 0]        [0, 1, 0, 0]      [0, 0, 0, 0]
11                 +"S"$"top giving me shift!".lower()        [0, 0, 0, 0]      [0, 0, 0, 0]       [0, 0, 0, 0]      [0, 0, 0, 0]       [0, 0, 0, 0]        [0, 0, 0, 0]      [0, 0, 0, 0]        [0, 0, 0, 0]      [0, 0, 0, 0]
12                        j>", "qlQ2+_t_Q+?"and "tQkeQ        [0, 0, 0, 0]      [0, 0, 0, 0]       [0, 0, 0, 0]      [0, 0, 0, 0]       [0, 0, 0, 0]        [0, 0, 0, 0]      [0, 0, 0, 0]        [0, 0, 0, 0]      [1, 0, 0, 1]
13                                 JSrz7j\,-f%T2rhJeJJ        [0, 0, 0, 0]      [0, 0, 0, 0]       [0, 0, 0, 0]      [0, 1, 0, 0]       [0, 0, 0, 0]        [0, 0, 0, 0]      [0, 0, 0, 0]        [0, 0, 0, 0]      [0, 0, 0, 0]
14                                      *42qzsm*dhxGdG        [2, 0, 0, 2]      [0, 0, 0, 0]       [0, 0, 0, 0]      [0, 0, 0, 0]       [0, 0, 0, 0]        [0, 0, 0, 0]      [0, 0, 0, 0]        [0, 2, 0, 0]      [0, 0, 0, 0]
15                                         VhQIq`N_`NN        [0, 0, 0, 0]      [0, 0, 0, 0]       [4, 0, 0, 4]      [0, 0, 0, 0]       [0, 0, 0, 0]        [0, 0, 0, 0]      [0, 0, 0, 0]        [0, 0, 0, 0]      [0, 0, 0, 0]
16                                        !f|!vT%vzvTz        [0, 0, 0, 0]      [0, 0, 0, 0]       [0, 0, 0, 0]      [0, 2, 0, 0]       [0, 0, 0, 0]        [0, 0, 0, 0]      [0, 0, 0, 0]        [0, 0, 0, 0]      [0, 0, 0, 0]
17                                  Jf-\'T'jdm@JdjswlJ        [0, 0, 0, 0]      [0, 0, 0, 0]       [0, 0, 0, 0]      [0, 1, 0, 0]       [0, 0, 0, 0]        [0, 0, 0, 0]      [0, 0, 0, 0]        [1, 1, 0, 1]      [0, 0, 0, 0]
18                            ef&}TzqmaCd6T_mx4aCk6Tyz        [0, 0, 0, 0]      [0, 0, 0, 0]       [0, 0, 0, 0]      [0, 3, 0, 0]       [0, 0, 0, 0]        [0, 0, 0, 0]      [0, 0, 0, 0]        [0, 1, 0, 0]      [1, 0, 0, 1]
19                                        uhtS[0GH)QhQ        [0, 1, 0, 0]      [0, 1, 0, 0]       [0, 0, 0, 0]      [0, 0, 0, 0]       [0, 0, 0, 0]        [0, 0, 1, 1]      [0, 0, 0, 0]        [0, 0, 0, 0]      [0, 0, 0, 0]
20         Jhxzd!f-@zT+" X"`sm/:+*JNztd+d2\Xm+T*kJU3Uz        [0, 0, 0, 0]      [0, 0, 0, 0]       [1, 0, 0, 1]      [0, 2, 0, 0]       [0, 0, 0, 0]        [0, 0, 0, 0]      [0, 0, 0, 0]        [1, 2, 0, 1]      [1, 0, 0, 1]
21                                           ^v"\107"8        [0, 0, 0, 0]      [0, 0, 0, 0]       [0, 0, 0, 0]      [0, 0, 0, 0]       [0, 0, 0, 0]        [0, 0, 0, 0]      [0, 0, 0, 0]        [0, 0, 0, 0]      [0, 0, 0, 0]
22                                    L@,cb)sm!cd)b1 0        [0, 0, 0, 0]      [0, 0, 0, 0]       [0, 0, 0, 0]      [0, 0, 0, 0]       [0, 0, 0, 0]        [0, 0, 1, 1]      [0, 3, 0, 0]        [0, 1, 0, 0]      [0, 0, 0, 0]
23                                  #Jm+3O3U18IqsJ72JB        [0, 0, 0, 0]      [0, 0, 0, 0]       [0, 0, 0, 0]      [0, 0, 0, 0]       [0, 0, 0, 0]        [0, 0, 0, 0]      [0, 0, 0, 0]        [0, 0, 0, 0]      [0, 0, 0, 0]
24                                          tf<l-QUTT1        [0, 0, 0, 0]      [0, 0, 0, 0]       [0, 0, 0, 0]      [0, 2, 0, 0]       [0, 0, 0, 0]        [0, 0, 0, 0]      [0, 0, 0, 0]        [0, 0, 0, 0]      [0, 0, 0, 0]
25                      VQIq/<QN@QN1~Y]:QZN=ZhN;+Y]>QZ        [0, 0, 0, 0]      [0, 0, 0, 0]       [5, 0, 0, 5]      [0, 0, 0, 0]       [2, 0, 0, 2]        [3, 0, 0, 3]      [0, 0, 0, 0]        [0, 0, 0, 0]      [0, 0, 0, 0]
26   JYFHQI!H~Y]]lY)IqH1=Y+m+dlYY]UhlY)VYI&Hq%l@YNH...        [0, 0, 0, 0]      [5, 0, 0, 5]       [3, 0, 0, 3]      [0, 1, 0, 0]     [14, 0, 0, 14]        [0, 0, 0, 0]      [0, 0, 0, 0]        [0, 1, 0, 0]      [1, 0, 0, 1]
27                     Mu?G}H+GG+G>Hefq<HT>G-lGTUH^GHk        [0, 8, 0, 0]      [0, 6, 0, 0]       [0, 0, 0, 0]      [0, 2, 0, 0]       [0, 0, 0, 0]        [0, 0, 0, 0]      [0, 0, 0, 0]        [0, 0, 0, 0]      [1, 0, 0, 1]
28                           J6ifqT++2010/JJ4U*2^TJ^TT        [0, 0, 0, 0]      [0, 0, 0, 0]       [0, 0, 0, 0]      [3, 1, 0, 3]       [0, 0, 0, 0]        [0, 0, 0, 0]      [0, 0, 0, 0]        [0, 0, 0, 0]      [0, 0, 0, 0]
29              Ph+f!eTmu+G%+&H@G_3-@QH@QhH4UtQd^UT2]Y        [0, 2, 0, 0]      [0, 3, 0, 0]       [0, 0, 0, 0]      [1, 1, 0, 1]       [1, 0, 0, 1]        [0, 0, 0, 0]      [0, 0, 0, 0]        [0, 1, 0, 0]      [0, 0, 0, 0]
30                                              #|zePG        [1, 0, 0, 1]      [0, 0, 0, 0]       [0, 0, 0, 0]      [0, 0, 0, 0]       [0, 0, 0, 0]        [0, 0, 0, 0]      [0, 0, 0, 0]        [0, 0, 0, 0]      [0, 0, 0, 0]
31   =Q{cQdL+x"C D EF G A B"hb&tlbt%hx" #b"eb3FZQJx...        [0, 1, 0, 0]      [0, 1, 0, 0]       [0, 0, 0, 0]      [2, 0, 0, 2]       [0, 0, 0, 0]        [3, 0, 2, 5]      [0, 4, 0, 0]        [2, 1, 0, 2]      [1, 0, 0, 1]
32                      K"23542 31463 12651 "h/x+K_Kz6        [0, 0, 0, 0]      [0, 0, 0, 0]       [0, 0, 0, 0]      [0, 0, 0, 0]       [0, 0, 0, 0]        [0, 0, 0, 0]      [0, 0, 0, 0]        [0, 0, 0, 0]      [0, 0, 0, 0]
33                          &zhfTmf!/>zhxzYYm<>zkdUzUz        [0, 0, 0, 0]      [0, 0, 0, 0]       [0, 0, 0, 0]      [0, 1, 0, 0]       [2, 0, 0, 2]        [0, 0, 0, 0]      [0, 0, 0, 0]        [0, 1, 0, 0]      [0, 1, 0, 0]
34                                          jdmjkjCd2z        [0, 0, 0, 0]      [0, 0, 0, 0]       [0, 0, 0, 0]      [0, 0, 0, 0]       [0, 0, 0, 0]        [0, 0, 0, 0]      [0, 0, 0, 0]        [1, 1, 0, 1]      [1, 0, 0, 1]
35                                 qS@cz", "0S@cz", "1        [0, 0, 0, 0]      [0, 0, 0, 0]       [0, 0, 0, 0]      [0, 0, 0, 0]       [0, 0, 0, 0]        [0, 0, 1, 1]      [0, 0, 0, 0]        [0, 0, 0, 0]      [0, 0, 0, 0]
36                               heSmsmq1xS+dSkdC,tQQQ        [0, 0, 0, 0]      [0, 0, 0, 0]       [0, 0, 0, 0]      [0, 0, 0, 0]       [0, 0, 0, 0]        [0, 0, 0, 0]      [0, 0, 0, 0]        [0, 2, 0, 0]      [0, 1, 0, 0]
37                                                            [0, 0, 0, 0]      [0, 0, 0, 0]       [0, 0, 0, 0]      [0, 0, 0, 0]       [0, 0, 0, 0]        [0, 0, 0, 0]      [0, 0, 0, 0]        [0, 0, 0, 0]      [0, 0, 0, 0]
38                                            *d*2Z~Z1        [0, 0, 0, 0]      [0, 0, 0, 0]       [0, 0, 0, 0]      [0, 0, 0, 0]       [0, 0, 0, 0]        [2, 0, 0, 2]      [0, 0, 0, 0]        [1, 0, 0, 1]      [0, 0, 0, 0]
39                   jku@[+eGPG+tGhG_Gms!dG)sHwsmjCk2z        [0, 6, 0, 0]      [0, 1, 0, 0]       [0, 0, 0, 0]      [0, 0, 0, 0]       [0, 0, 0, 0]        [0, 0, 0, 0]      [0, 0, 0, 0]        [0, 1, 0, 0]      [2, 0, 0, 2]
40                                       VQ<*QX*d2N\XQ        [0, 0, 0, 0]      [0, 0, 0, 0]       [2, 0, 0, 2]      [0, 0, 0, 0]       [0, 0, 0, 0]        [0, 0, 0, 0]      [0, 0, 0, 0]        [1, 0, 0, 1]      [0, 0, 0, 0]
41                      Jiz8K+lzQ%"%0*o",KuxG/G8rQ^2KJ        [0, 2, 0, 0]      [0, 0, 0, 0]       [0, 0, 0, 0]      [0, 0, 0, 0]       [0, 0, 0, 0]        [0, 0, 0, 0]      [0, 0, 0, 0]        [0, 0, 0, 0]      [0, 0, 0, 0]
42                                   <ussC,cG\_GUQ*zQQ        [0, 2, 0, 0]      [0, 0, 0, 0]       [0, 0, 0, 0]      [0, 0, 0, 0]       [0, 0, 0, 0]        [0, 0, 0, 0]      [0, 0, 0, 0]        [0, 0, 0, 0]      [0, 0, 0, 0]
43                                    JGfqzuXGJrQ0UTz1        [1, 1, 0, 1]      [0, 0, 0, 0]       [0, 0, 0, 0]      [0, 1, 0, 0]       [0, 0, 0, 0]        [0, 0, 1, 1]      [0, 0, 0, 0]        [0, 0, 0, 0]      [0, 0, 0, 0]
44                                   QWtQ=Q@,/Q2h*3QQQ        [0, 0, 0, 0]      [0, 0, 0, 0]       [0, 0, 0, 0]      [0, 0, 0, 0]       [0, 0, 0, 0]        [0, 0, 0, 0]      [0, 0, 0, 0]        [0, 0, 0, 0]      [0, 0, 0, 0]
45                                   QWtQ=Q@,/Q2h*Q3QQ        [0, 0, 0, 0]      [0, 0, 0, 0]       [0, 0, 0, 0]      [0, 0, 0, 0]       [0, 0, 0, 0]        [0, 0, 0, 0]      [0, 0, 0, 0]        [0, 0, 0, 0]      [0, 0, 0, 0]
46        Su{smmu*/N^T/PdTv+`T`/PdTkdyft/PdT{PdGU^T3]Q        [0, 1, 0, 0]      [0, 0, 0, 0]       [0, 1, 0, 0]      [1, 5, 0, 1]       [0, 0, 0, 0]        [0, 0, 0, 0]      [0, 0, 0, 0]        [0, 5, 0, 0]      [0, 1, 0, 0]
47                                   <ussC,cG\_GUQ*zQQ        [0, 2, 0, 0]      [0, 0, 0, 0]       [0, 0, 0, 0]      [0, 0, 0, 0]       [0, 0, 0, 0]        [0, 0, 0, 0]      [0, 0, 0, 0]        [0, 0, 0, 0]      [0, 0, 0, 0]
48                      FbQVbjd++*]0Z*b]b*]0--sQbZ)~Zb        [0, 0, 0, 0]      [0, 0, 0, 0]       [1, 0, 0, 1]      [0, 0, 0, 0]       [0, 0, 0, 0]        [3, 0, 2, 5]      [6, 0, 0, 6]        [1, 0, 0, 1]      [0, 0, 0, 0]
49                               Ju+G*]GHQYFNJjdmsqdNJ        [0, 2, 0, 0]      [0, 1, 0, 0]       [2, 0, 0, 2]      [0, 0, 0, 0]       [1, 0, 0, 1]        [0, 0, 0, 0]      [0, 0, 0, 0]        [1, 1, 0, 1]      [0, 0, 0, 0]
50                     .xvzVQ*@_y.lOZ2.71 2.ty*3.14OZ1        [0, 0, 0, 0]      [0, 0, 0, 0]       [1, 0, 0, 1]      [0, 0, 0, 0]       [0, 0, 0, 0]        [2, 0, 0, 2]      [0, 0, 0, 0]        [0, 0, 0, 0]      [0, 0, 0, 0]
51   +_32Ce"c'MBBnx.Hq7:nN(+<#j&7yVE&M!Mwp,|4Qh)|/l...        [0, 0, 0, 0]      [0, 0, 0, 0]       [0, 0, 0, 0]      [0, 0, 0, 0]       [0, 0, 0, 0]        [0, 0, 0, 0]      [0, 0, 0, 0]        [0, 0, 0, 0]      [0, 0, 0, 0]
52                           FNrlQ1KONJ@QN XXQN@QKKJ)Q        [0, 0, 0, 0]      [0, 0, 0, 0]       [4, 0, 0, 4]      [0, 0, 0, 0]       [0, 0, 0, 0]        [0, 0, 0, 0]      [0, 0, 0, 0]        [0, 0, 0, 0]      [0, 0, 0, 0]
53                         FkQJOhlYaY?@YtJJkIJ XYtJk;Y        [0, 0, 0, 0]      [0, 0, 0, 0]       [0, 0, 0, 0]      [0, 0, 0, 0]       [5, 0, 0, 5]        [0, 0, 0, 0]      [0, 0, 0, 0]        [0, 0, 0, 0]      [3, 0, 0, 3]
54                         Mlf!sm}_dHfq2lYyTfqSZUZ^UGG        [0, 3, 0, 0]      [0, 2, 0, 0]       [0, 0, 0, 0]      [0, 1, 0, 0]       [0, 1, 0, 0]        [2, 0, 0, 2]      [0, 0, 0, 0]        [0, 1, 0, 0]      [0, 0, 0, 0]
55   M?smg-Gddr1hhS,GHG1Akd,QOgQQWQFNr1hhS,QkKg-QNN...        [0, 5, 0, 0]      [0, 3, 0, 0]       [6, 0, 0, 6]      [0, 0, 0, 0]       [0, 0, 0, 0]        [0, 0, 0, 0]      [0, 0, 0, 0]        [3, 2, 0, 3]      [3, 0, 0, 3]
56                      jb_u+G+*leGd*HNu+N+^3hTNUQ]1]k        [0, 2, 0, 0]      [0, 1, 0, 0]       [3, 0, 0, 3]      [1, 0, 0, 1]       [0, 0, 0, 0]        [0, 0, 0, 0]      [1, 0, 0, 1]        [1, 0, 0, 1]      [1, 0, 0, 1]
57                                             L+\cPPb        [0, 0, 0, 0]      [0, 0, 0, 0]       [0, 0, 0, 0]      [0, 0, 0, 0]       [0, 0, 0, 0]        [0, 0, 0, 0]      [0, 2, 0, 0]        [0, 0, 0, 0]      [0, 0, 0, 0]
58            Mhosm^-*Ghded2C,HNfqsTGmms+*G@Hb}bklHyUH        [0, 4, 0, 0]      [0, 5, 0, 0]       [0, 1, 0, 0]      [0, 1, 0, 0]       [0, 0, 0, 0]        [0, 0, 0, 0]      [2, 0, 0, 2]        [0, 2, 0, 0]      [0, 1, 0, 0]
59                                               %2*2z        [0, 0, 0, 0]      [0, 0, 0, 0]       [0, 0, 0, 0]      [0, 0, 0, 0]       [0, 0, 0, 0]        [0, 0, 0, 0]      [0, 0, 0, 0]        [0, 0, 0, 0]      [0, 0, 0, 0]
60                                           osjN2U^2Q        [0, 0, 0, 0]      [0, 0, 0, 0]       [0, 1, 0, 0]      [0, 0, 0, 0]       [0, 0, 0, 0]        [0, 0, 0, 0]      [0, 0, 0, 0]        [0, 0, 0, 0]      [0, 0, 0, 0]
61                      s+0m^h^-hded2 .5CmfTm*hb@kblkQ        [0, 0, 0, 0]      [0, 0, 0, 0]       [0, 0, 0, 0]      [0, 1, 0, 0]       [0, 0, 0, 0]        [0, 0, 1, 1]      [2, 0, 0, 2]        [0, 2, 0, 0]      [1, 1, 0, 1]
62             Jf!-`sjT^10/l`T2\9UyQ|}QJho%l`N2o^-QZ2J        [0, 0, 0, 0]      [0, 0, 0, 0]       [0, 1, 0, 0]      [0, 2, 1, 1]       [0, 0, 0, 0]        [1, 0, 0, 1]      [0, 0, 0, 0]        [0, 0, 0, 0]      [0, 0, 0, 0]
63                              <u-G%@GhH+0GQ%2r1^hQ2Q        [0, 3, 0, 0]      [0, 1, 0, 0]       [0, 0, 0, 0]      [0, 0, 0, 0]       [0, 0, 0, 0]        [0, 0, 1, 1]      [0, 0, 0, 0]        [0, 0, 0, 0]      [0, 0, 0, 0]
64                        V21++**6/-20N5d*5?d%N5\_<\|N        [0, 0, 0, 0]      [0, 0, 0, 0]       [4, 0, 0, 4]      [0, 0, 0, 0]       [0, 0, 0, 0]        [0, 0, 0, 0]      [0, 0, 0, 0]        [2, 0, 0, 2]      [0, 0, 0, 0]
65   =YO6V25JZK1WK=GO15=Z/+3G3=Kq9*ZJ)~YZpd+@"URFDL...        [4, 0, 0, 4]      [0, 0, 0, 0]       [1, 0, 0, 1]      [0, 0, 0, 0]       [3, 0, 0, 3]        [4, 0, 0, 4]      [0, 0, 0, 0]        [1, 0, 0, 1]      [1, 0, 0, 1]
66                       L?]]1<b2smm++*kdb*k_dy-b1,1_1        [0, 0, 0, 0]      [0, 0, 0, 0]       [0, 0, 0, 0]      [0, 0, 0, 0]       [0, 0, 0, 0]        [0, 0, 0, 0]      [0, 4, 0, 0]        [0, 2, 0, 0]      [0, 2, 0, 0]
67                                     ?u[HG)_UtQ]tQQY        [0, 1, 0, 0]      [0, 1, 0, 0]       [0, 0, 0, 0]      [0, 0, 0, 0]       [1, 0, 0, 1]        [0, 0, 0, 0]      [0, 0, 0, 0]        [0, 0, 0, 0]      [0, 0, 0, 0]
68                                       ?hu]+HG_UQYQY        [0, 1, 0, 0]      [0, 1, 0, 0]       [0, 0, 0, 0]      [0, 0, 0, 0]       [2, 0, 0, 2]        [0, 0, 0, 0]      [0, 0, 0, 0]        [0, 0, 0, 0]      [0, 0, 0, 0]
69                                 usCm,+dH+HdGr2hQ]]1        [0, 1, 0, 0]      [0, 2, 0, 0]       [0, 0, 0, 0]      [0, 0, 0, 0]       [0, 0, 0, 0]        [0, 0, 0, 0]      [0, 0, 0, 0]        [0, 2, 0, 0]      [0, 0, 0, 0]
70                AkYQ<zkV-Y2p*d-k2@zt_N@z+kN;<_<z-2Yk        [1, 0, 0, 1]      [1, 0, 0, 1]       [3, 0, 0, 3]      [0, 0, 0, 0]       [3, 0, 0, 3]        [0, 0, 0, 0]      [0, 0, 0, 0]        [1, 0, 0, 1]      [5, 0, 0, 5]
71               AGHQ<zGFNC,_>z_ttH>zGj*dttGN)<>_zttHG        [6, 0, 0, 6]      [4, 0, 0, 4]       [2, 0, 0, 2]      [0, 0, 0, 0]       [0, 0, 0, 0]        [0, 0, 0, 0]      [0, 0, 0, 0]        [1, 0, 0, 1]      [0, 0, 0, 0]
72                                     !sm>vzs+0<QdhlQ        [0, 0, 0, 0]      [0, 0, 0, 0]       [0, 0, 0, 0]      [0, 0, 0, 0]       [0, 0, 0, 0]        [0, 0, 1, 1]      [0, 0, 0, 0]        [0, 1, 0, 0]      [0, 0, 0, 0]
73   +holN+]++">>"*"+"Q"<<"mjk(">>"j">"m*"+"kP+Qd"<...        [0, 0, 0, 0]      [0, 0, 0, 0]       [0, 1, 0, 0]      [0, 0, 0, 0]       [0, 0, 0, 0]        [0, 0, 0, 0]      [0, 0, 0, 0]        [0, 2, 0, 0]      [1, 1, 0, 1]
74   JlzKkef&qJsml`dTqTSTolNmmibTcjKsC,z+m>Ndt>+*J]...        [0, 0, 0, 0]      [0, 0, 0, 0]       [2, 1, 0, 2]      [1, 3, 0, 1]       [0, 0, 0, 0]        [0, 0, 1, 1]      [1, 0, 0, 1]        [0, 2, 0, 0]      [2, 0, 0, 2]
75                  FNyUz#aYmv:zhdedC,+0N+NlzB)efqSTTY        [0, 0, 0, 0]      [0, 0, 0, 0]       [3, 0, 0, 3]      [0, 2, 0, 0]       [2, 0, 0, 2]        [0, 0, 1, 1]      [0, 0, 0, 0]        [0, 2, 0, 0]      [0, 0, 0, 0]
76   =H3=d1=bd=Gd#K+**hb27b6~b1=H*HK=d*dKJ/+*-*27b1...        [5, 0, 0, 5]      [6, 0, 0, 6]       [0, 0, 0, 0]      [2, 0, 0, 2]       [0, 0, 0, 0]        [0, 0, 0, 0]      [8, 0, 0, 8]        [7, 0, 0, 7]      [1, 0, 0, 1]
77   DcGHFk_UQJf!s:GeS,0-TkhS,h+TklGUQIJRsmcX>G0dhH...        [5, 0, 0, 5]      [3, 0, 0, 3]       [0, 0, 0, 0]      [0, 2, 0, 0]       [0, 0, 0, 0]        [0, 0, 4, 4]      [2, 0, 0, 2]        [0, 2, 0, 0]      [4, 0, 0, 4]
78                   J-vw2<zQFkC,_z<>zQJj*-Q2dk;<>_zJQ        [0, 0, 0, 0]      [0, 0, 0, 0]       [0, 0, 0, 0]      [0, 0, 0, 0]       [0, 0, 0, 0]        [0, 0, 0, 0]      [0, 0, 0, 0]        [1, 0, 0, 1]      [2, 0, 0, 2]
79   MhSm^-dG2HjbmjdmehxkbQusmm+dkfqgTdeSmgbdQUQGUt...        [0, 3, 0, 0]      [0, 2, 0, 0]       [0, 0, 0, 0]      [0, 1, 0, 0]       [0, 0, 0, 0]        [0, 0, 0, 0]      [3, 0, 0, 3]        [0, 6, 0, 0]      [0, 2, 0, 0]
80   +vz-+^/+\\\\\\/+++\\\\\\\\\\^/++\\\\\\\\/++\\\...        [0, 0, 0, 0]      [0, 0, 0, 0]       [0, 0, 0, 0]      [0, 0, 0, 0]       [0, 0, 0, 0]        [0, 0, 0, 0]      [0, 0, 0, 0]        [0, 0, 0, 0]      [0, 0, 0, 0]
81                        FNzpk+N?+\oN}rNZ-{G{"aeiou"k        [1, 0, 0, 1]      [0, 0, 0, 0]       [4, 0, 0, 4]      [0, 0, 0, 0]       [0, 0, 0, 0]        [1, 0, 0, 1]      [0, 0, 0, 0]        [0, 0, 0, 0]      [2, 0, 0, 2]
82                                 hfq_TTsm,+z_d+_dzyz        [0, 0, 0, 0]      [0, 0, 0, 0]       [0, 0, 0, 0]      [0, 2, 0, 0]       [0, 0, 0, 0]        [0, 0, 0, 0]      [0, 0, 0, 0]        [0, 2, 0, 0]      [0, 0, 0, 0]
83   =zecz"//"=z?>z4}"www."zz=z?Pzqez\/zFNzKCNJ/^K....        [0, 0, 0, 0]      [0, 0, 0, 0]       [2, 1, 0, 2]      [0, 0, 0, 0]       [0, 0, 0, 0]        [4, 0, 0, 4]      [0, 0, 0, 0]        [6, 0, 0, 6]      [1, 0, 0, 1]
84                                 c*4sm<sm^OQ2 2*QQQQ        [0, 0, 0, 0]      [0, 0, 0, 0]       [0, 0, 0, 0]      [0, 0, 0, 0]       [0, 0, 0, 0]        [0, 0, 0, 0]      [0, 0, 0, 0]        [0, 0, 0, 0]      [0, 0, 0, 0]
85                             sm+d*+\od}rd0-G"aeoui"z        [1, 0, 0, 1]      [0, 0, 0, 0]       [0, 0, 0, 0]      [0, 0, 0, 0]       [0, 0, 0, 0]        [0, 0, 1, 1]      [0, 0, 0, 0]        [0, 3, 0, 0]      [0, 0, 0, 0]
86                                      k k+ z_z +k k         [0, 0, 0, 0]      [0, 0, 0, 0]       [0, 0, 0, 0]      [0, 0, 0, 0]       [0, 0, 0, 0]        [0, 0, 0, 0]      [0, 0, 0, 0]        [0, 0, 0, 0]      [4, 0, 0, 4]
87                                         +z_z " z_z+        [0, 0, 0, 0]      [0, 0, 0, 0]       [0, 0, 0, 0]      [0, 0, 0, 0]       [0, 0, 0, 0]        [0, 0, 0, 0]      [0, 0, 0, 0]        [0, 0, 0, 0]      [0, 0, 0, 0]
88   J+\-GK+0fTr13_14=ZsX@JzJKMe,pk*G/H13%H13@JxK?g...        [1, 2, 0, 1]      [0, 3, 0, 0]       [0, 0, 0, 0]      [0, 1, 0, 0]       [0, 0, 0, 0]        [4, 0, 2, 6]      [0, 0, 0, 0]        [0, 0, 0, 0]      [1, 0, 0, 1]
89                         VzJ:zZhZpkJ~Zhy}rJ0-G"aeoui        [1, 0, 0, 1]      [0, 0, 0, 0]       [1, 0, 0, 1]      [0, 0, 0, 0]       [0, 0, 0, 0]        [3, 0, 1, 4]      [0, 0, 0, 0]        [0, 0, 0, 0]      [1, 0, 0, 1]
90                                         Smsj^vzdQvw        [0, 0, 0, 0]      [0, 0, 0, 0]       [0, 0, 0, 0]      [0, 0, 0, 0]       [0, 0, 0, 0]        [0, 0, 0, 0]      [0, 0, 0, 0]        [0, 1, 0, 0]      [0, 0, 0, 0]
91                                                sjQ2        [0, 0, 0, 0]      [0, 0, 0, 0]       [0, 0, 0, 0]      [0, 0, 0, 0]       [0, 0, 0, 0]        [0, 0, 0, 0]      [0, 0, 0, 0]        [0, 0, 0, 0]      [0, 0, 0, 0]
92   KU*3QFNr1QJ@KN=G@tKNAJG,+JG.a-JG=Y@KJ XXKJ@KGG...        [7, 0, 0, 7]      [1, 0, 0, 1]       [3, 0, 0, 3]      [0, 0, 0, 0]       [2, 0, 0, 2]        [0, 0, 0, 0]      [0, 0, 0, 0]        [0, 0, 0, 0]      [0, 0, 0, 0]
93              MXGH_HhugGm@Gtd,s<>GH2.a-@GH@GhHtQr1yQ        [0, 7, 0, 0]      [0, 6, 0, 0]       [0, 0, 0, 0]      [0, 0, 0, 0]       [0, 0, 0, 0]        [0, 0, 0, 0]      [0, 0, 0, 0]        [0, 1, 0, 0]      [0, 0, 0, 0]
94   L-{b"O-"M!-yGyHJmsd*c"A O B AB"d"+-"I}zJfgzTJf...        [0, 2, 0, 0]      [0, 2, 0, 0]       [0, 0, 0, 0]      [0, 1, 0, 0]       [1, 0, 0, 1]        [0, 0, 0, 0]      [0, 2, 0, 0]        [1, 1, 0, 1]      [0, 0, 0, 0]
95   M&n+eGeH"+-"!f!}T+H\OPGJsm,+d\++d\-c"O A B AB"...        [0, 3, 0, 0]      [0, 3, 0, 0]       [0, 0, 0, 0]      [0, 1, 0, 0]       [1, 0, 0, 1]        [1, 0, 0, 1]      [0, 0, 0, 0]        [1, 2, 0, 1]      [0, 0, 0, 0]
96   D:NGHR@Cm+d[1HG&GH|GHxGH0),[GH!G)[HG!H)x"+\\!1...        [8, 6, 0, 8]      [8, 6, 0, 8]       [2, 0, 0, 2]      [0, 0, 0, 0]       [8, 0, 0, 8]        [0, 0, 3, 3]      [1, 0, 0, 1]        [0, 1, 0, 0]      [3, 0, 0, 3]
97                                  msC_dcs_Cmck/lk2Q2        [0, 0, 0, 0]      [0, 0, 0, 0]       [0, 0, 0, 0]      [0, 0, 0, 0]       [0, 0, 0, 0]        [0, 0, 0, 0]      [0, 0, 0, 0]        [0, 1, 0, 0]      [2, 0, 0, 2]
98   Jm*31]d*31dK0=G0=H0=Y1VQ X@J++14H&<2K<K6+14-G<...        [3, 0, 0, 3]      [3, 0, 0, 3]       [1, 0, 0, 1]      [0, 1, 0, 0]       [5, 0, 0, 5]        [4, 0, 5, 9]      [1, 0, 0, 1]        [2, 2, 0, 2]      [1, 0, 0, 1]
99                       M*G.^G-H2Hsm*edg/u*GhHQ1hdhdQ        [0, 4, 0, 0]      [0, 4, 0, 0]       [0, 0, 0, 0]      [0, 0, 0, 0]       [0, 0, 0, 0]        [0, 0, 0, 0]      [0, 0, 0, 0]        [0, 3, 0, 0]      [0, 0, 0, 0]
100                                                           [0, 0, 0, 0]      [0, 0, 0, 0]       [0, 0, 0, 0]      [0, 0, 0, 0]       [0, 0, 0, 0]        [0, 0, 0, 0]      [0, 0, 0, 0]        [0, 0, 0, 0]      [0, 0, 0, 0]
101  #FN'"files"+*\>4Njb'NaYN)"fatal error: ?"+"wit...        [0, 0, 0, 0]      [0, 0, 0, 0]       [4, 0, 0, 4]      [0, 0, 0, 0]       [2, 0, 0, 2]        [0, 0, 0, 0]      [1, 0, 0, 1]        [0, 0, 0, 0]      [0, 0, 0, 0]
102  KZVQJO4=G<J2=b.&J1 XH,-KG-Zb@"\\/".|Gb-=KtyG-=...        [4, 0, 0, 4]      [5, 0, 0, 5]       [4, 0, 0, 4]      [0, 0, 0, 0]       [0, 0, 0, 0]        [3, 0, 1, 4]      [4, 5, 0, 4]        [0, 2, 0, 0]      [2, 0, 0, 2]
103                                          +*-vzQOZQ        [0, 0, 0, 0]      [0, 0, 0, 0]       [0, 0, 0, 0]      [0, 0, 0, 0]       [0, 0, 0, 0]        [1, 0, 0, 1]      [0, 0, 0, 0]        [0, 0, 0, 0]      [0, 0, 0, 0]
104                                        f!}`11.BThQ        [0, 0, 0, 0]      [0, 0, 0, 0]       [0, 0, 0, 0]      [0, 1, 0, 0]       [0, 0, 0, 0]        [0, 0, 0, 0]      [0, 0, 0, 0]        [0, 0, 0, 0]      [0, 0, 0, 0]
105  K0VQJO2=GO2 XH,-ZJ-KG@"\/"xJG-=ZtyJ-=KtyG;=Ymr...        [4, 0, 0, 4]      [3, 0, 0, 3]       [1, 0, 0, 1]      [0, 0, 0, 0]       [3, 0, 0, 3]        [2, 0, 1, 3]      [1, 0, 0, 1]        [0, 2, 1, 1]      [2, 0, 0, 2]
106                  s<>j^u+/*GHhyHy^TyQr*TQ0ZQT_y*QQQ        [0, 1, 0, 0]      [0, 2, 0, 0]       [0, 0, 0, 0]      [3, 0, 0, 3]       [0, 0, 0, 0]        [1, 0, 1, 2]      [0, 0, 0, 0]        [0, 0, 0, 0]      [0, 0, 0, 0]
107                        KCm>m?k}kGNrz0dQ{m,bc/KblKK        [1, 0, 0, 1]      [0, 0, 0, 0]       [1, 0, 0, 1]      [0, 0, 0, 0]       [0, 0, 0, 0]        [0, 0, 1, 1]      [2, 0, 0, 2]        [0, 1, 0, 0]      [0, 2, 0, 0]
108                                          f!.&TyThQ        [0, 0, 0, 0]      [0, 0, 0, 0]       [0, 0, 0, 0]      [0, 2, 0, 0]       [0, 0, 0, 0]        [0, 0, 0, 0]      [0, 0, 0, 0]        [0, 0, 0, 0]      [0, 0, 0, 0]
109                                u-G*H^_!%GH/GHrhQ2Q        [0, 3, 0, 0]      [0, 3, 0, 0]       [0, 0, 0, 0]      [0, 0, 0, 0]       [0, 0, 0, 0]        [0, 0, 0, 0]      [0, 0, 0, 0]        [0, 0, 0, 0]      [0, 0, 0, 0]
110                               D%GHJHVJ XJ@HN@GN)RJ        [2, 0, 0, 2]      [3, 0, 0, 3]       [3, 0, 0, 3]      [0, 0, 0, 0]       [0, 0, 0, 0]        [0, 0, 0, 0]      [0, 0, 0, 0]        [0, 0, 0, 0]      [0, 0, 0, 0]
111         ItQpdd*\_*4/Q2)jbms<*dQhQ,c" /\ "2,\/"__\\        [0, 0, 0, 0]      [0, 0, 0, 0]       [0, 0, 0, 0]      [0, 0, 0, 0]       [0, 0, 0, 0]        [0, 0, 0, 0]      [1, 0, 0, 1]        [2, 1, 0, 2]      [0, 0, 0, 0]
112            #aY->QxQeS-QsY&YsY)KfqylTlQmsdty_Y%tlKK        [0, 0, 0, 0]      [0, 0, 0, 0]       [0, 0, 0, 0]      [0, 1, 0, 0]       [5, 0, 0, 5]        [0, 0, 0, 0]      [0, 0, 0, 0]        [0, 1, 0, 0]      [0, 0, 0, 0]
113  ?"Yes".Am>2sm^-.uk2Cm.Dx"qwertyuiopasdfghjkl*z...        [0, 0, 0, 0]      [0, 0, 0, 0]       [0, 0, 0, 0]      [0, 0, 0, 0]       [0, 0, 0, 0]        [0, 0, 0, 0]      [0, 1, 0, 0]        [0, 1, 0, 0]      [0, 1, 0, 0]
114                                      V2VQjdoOQUQ)k        [0, 0, 0, 0]      [0, 0, 0, 0]       [2, 0, 0, 2]      [0, 0, 0, 0]       [0, 0, 0, 0]        [0, 0, 0, 0]      [0, 0, 0, 0]        [1, 0, 0, 1]      [1, 0, 0, 1]
115                                          VQjdr1hhN        [0, 0, 0, 0]      [0, 0, 0, 0]       [2, 0, 0, 2]      [0, 0, 0, 0]       [0, 0, 0, 0]        [0, 0, 0, 0]      [0, 0, 0, 0]        [1, 0, 0, 1]      [0, 0, 0, 0]
116                            hx"*6#,54@"C%imCds.zT67        [0, 0, 0, 0]      [0, 0, 0, 0]       [0, 0, 0, 0]      [1, 0, 0, 1]       [0, 0, 0, 0]        [0, 0, 0, 0]      [0, 0, 0, 0]        [0, 1, 0, 0]      [0, 0, 0, 0]
117            K*\#+2QKVvzp<*QXX*dyivzQN\\_hN\/Q\#\#)K        [0, 0, 0, 0]      [0, 0, 0, 0]       [3, 0, 0, 3]      [0, 0, 0, 0]       [0, 0, 0, 0]        [0, 0, 0, 0]      [0, 0, 0, 0]        [1, 0, 0, 1]      [0, 0, 0, 0]
118  KmsdzJ.(KZFN*.pK.cUKtJ=km?:hNhdedgedZ>hNhdC,+]...        [1, 0, 0, 1]      [0, 0, 0, 0]       [5, 0, 0, 5]      [0, 0, 0, 0]       [0, 0, 0, 0]        [3, 0, 0, 3]      [0, 0, 0, 0]        [0, 6, 0, 0]      [3, 0, 0, 3]
119                       %""(+*"cfrac1{1+\\"Q<\dQ*\}Q        [0, 0, 0, 0]      [0, 0, 0, 0]       [0, 0, 0, 0]      [0, 0, 0, 0]       [0, 0, 0, 0]        [0, 0, 0, 0]      [0, 0, 0, 0]        [0, 0, 0, 0]      [0, 0, 1, 1]
120                                    u,-HyeGhGjQ2,ZZ        [0, 2, 0, 0]      [0, 1, 0, 0]       [0, 0, 0, 0]      [0, 0, 0, 0]       [0, 0, 0, 0]        [2, 0, 0, 2]      [0, 0, 0, 0]        [0, 0, 0, 0]      [0, 0, 0, 0]
121                                                s["        [0, 0, 0, 0]      [0, 0, 0, 0]       [0, 0, 0, 0]      [0, 0, 0, 0]       [0, 0, 0, 0]        [0, 0, 0, 0]      [0, 0, 0, 0]        [0, 0, 0, 0]      [0, 0, 1, 1]
122                                        pez+hz.SPtz        [0, 0, 0, 0]      [0, 0, 0, 0]       [0, 0, 0, 0]      [0, 0, 0, 0]       [0, 0, 0, 0]        [0, 0, 0, 0]      [0, 0, 0, 0]        [0, 0, 0, 0]      [0, 0, 0, 0]
123  +z`u@sm>+0jCdT_6"Ľ򒉲򭉟񶯆𐱩򐞆󰆂򕟐򑽌򵋏󇋽򯴆󚙈𱑂񞑼쵥񪨶"+*TGvH:z"\D"k0        [0, 1, 0, 0]      [0, 1, 0, 0]       [0, 0, 0, 0]      [2, 0, 0, 2]       [0, 0, 0, 0]        [0, 0, 2, 2]      [0, 0, 0, 0]        [0, 1, 0, 0]      [1, 0, 0, 1]
124            Lsm.:bdtUbKfT.zj\,mhf!}Yjb-Kk+yky++bkbK        [0, 0, 0, 0]      [0, 0, 0, 0]       [0, 0, 0, 0]      [0, 1, 0, 0]       [1, 0, 0, 1]        [0, 0, 0, 0]      [0, 6, 0, 0]        [0, 1, 0, 0]      [3, 0, 0, 3]
125               JcQ2L^-+b<bJJ2sm+>*JJ+y/dQy%dQqQ1*QQ        [0, 0, 0, 0]      [0, 0, 0, 0]       [0, 0, 0, 0]      [0, 0, 0, 0]       [0, 0, 0, 0]        [0, 0, 0, 0]      [0, 3, 0, 0]        [0, 2, 0, 0]      [0, 0, 0, 0]
126                 Mh+Smssm>.ukC,dtdfqGsm@HkT.PUHlG_1        [0, 3, 0, 0]      [0, 3, 0, 0]       [0, 0, 0, 0]      [0, 1, 0, 0]       [0, 0, 0, 0]        [0, 0, 0, 0]      [0, 0, 0, 0]        [0, 2, 0, 0]      [0, 2, 0, 0]
127                         -*QQ*4lfgsm^d2T*QQ^%2_UtQ2        [0, 0, 0, 0]      [0, 0, 0, 0]       [0, 0, 0, 0]      [0, 1, 0, 0]       [0, 0, 0, 0]        [0, 0, 0, 0]      [0, 0, 0, 0]        [0, 1, 0, 0]      [0, 0, 0, 0]
128                             L.AmqdSdmfhTmxhkbek^b2        [0, 0, 0, 0]      [0, 0, 0, 0]       [0, 0, 0, 0]      [0, 1, 0, 0]       [0, 0, 0, 0]        [0, 0, 0, 0]      [0, 3, 0, 0]        [0, 2, 0, 0]      [1, 1, 0, 1]
129                               u,+*3sGyeG+sGyeGQ,1Z        [0, 4, 0, 0]      [0, 0, 0, 0]       [0, 0, 0, 0]      [0, 0, 0, 0]       [0, 0, 0, 0]        [1, 0, 0, 1]      [0, 0, 0, 0]        [0, 0, 0, 0]      [0, 0, 0, 0]
130                                 mj\*dfqzsTsm^Qkhlz        [0, 0, 0, 0]      [0, 0, 0, 0]       [0, 0, 0, 0]      [0, 1, 0, 0]       [0, 0, 0, 0]        [0, 0, 0, 0]      [0, 0, 0, 0]        [0, 1, 0, 0]      [1, 0, 0, 1]
131         K5tf.Em.Am}kmhs<dbUdQsm.pk.C[15yKK2_1_2)TZ        [0, 0, 0, 0]      [0, 0, 0, 0]       [0, 0, 0, 0]      [0, 1, 0, 0]       [0, 0, 0, 0]        [1, 0, 0, 1]      [0, 1, 0, 0]        [0, 2, 0, 0]      [1, 1, 0, 1]
132  KmvdzJ.(K0=H/sKJ=KSK=JlKWK=NK=G])Fd_NIgHs+dGaG...        [5, 0, 0, 5]      [3, 0, 0, 3]       [2, 0, 0, 2]      [0, 0, 0, 0]       [3, 0, 0, 3]        [0, 0, 1, 1]      [1, 0, 0, 1]        [3, 2, 0, 3]      [0, 0, 0, 0]
133    #jdhfqzsTsm^+msXtjCk2U2"<>""\n\r.1"",<..>,"dlzB        [0, 0, 0, 0]      [0, 0, 0, 0]       [0, 0, 0, 0]      [0, 1, 0, 0]       [0, 0, 0, 0]        [0, 0, 0, 0]      [0, 0, 0, 0]        [1, 1, 0, 1]      [0, 1, 0, 0]
134                          mpbjk*/8dS*d[0 1)[1 2 4 8        [0, 0, 0, 0]      [0, 0, 0, 0]       [0, 0, 0, 0]      [0, 0, 0, 0]       [0, 0, 0, 0]        [0, 0, 1, 1]      [1, 0, 0, 1]        [2, 0, 0, 2]      [1, 0, 0, 1]
135  %"K[%s)=dc\"%s\"dFGr1hQJkFNKI!%%GN~J@dxKN))?JJ...        [0, 0, 0, 0]      [0, 0, 0, 0]       [0, 0, 0, 0]      [0, 0, 0, 0]       [0, 0, 0, 0]        [0, 0, 0, 0]      [0, 0, 0, 0]        [0, 0, 0, 0]      [0, 0, 0, 0]
136                     Jc2jkfx>Q2!.&T^2%Q3U8jb?_J%Q2J        [0, 0, 0, 0]      [0, 0, 0, 0]       [0, 0, 0, 0]      [0, 1, 0, 0]       [0, 0, 0, 0]        [0, 0, 0, 0]      [1, 0, 0, 1]        [0, 0, 0, 0]      [1, 0, 0, 1]
137                                  m/smmeSb.:QhkUQdQ        [0, 0, 0, 0]      [0, 0, 0, 0]       [0, 0, 0, 0]      [0, 0, 0, 0]       [0, 0, 0, 0]        [0, 0, 0, 0]      [0, 1, 0, 0]        [0, 1, 0, 0]      [0, 1, 0, 0]
138             J+m0yQQLq3.|Fb?eS.e&Yfy:J-kT+hkT0JyJ_1        [0, 0, 0, 0]      [0, 0, 0, 0]       [0, 0, 0, 0]      [0, 2, 0, 0]       [1, 0, 0, 1]        [0, 1, 2, 2]      [0, 3, 0, 0]        [0, 0, 0, 0]      [0, 2, 0, 0]
139                                             &Q*Q\1        [0, 0, 0, 0]      [0, 0, 0, 0]       [0, 0, 0, 0]      [0, 0, 0, 0]       [0, 0, 0, 0]        [0, 0, 0, 0]      [0, 0, 0, 0]        [0, 0, 0, 0]      [0, 0, 0, 0]
140                                                           [0, 0, 0, 0]      [0, 0, 0, 0]       [0, 0, 0, 0]      [0, 0, 0, 0]       [0, 0, 0, 0]        [0, 0, 0, 0]      [0, 0, 0, 0]        [0, 0, 0, 0]      [0, 0, 0, 0]
141                        Jmhqd\:zu?*GhHteH+GhHctJ2hJ        [0, 2, 0, 0]      [0, 3, 0, 0]       [0, 0, 0, 0]      [0, 0, 0, 0]       [0, 0, 0, 0]        [0, 0, 0, 0]      [0, 0, 0, 0]        [0, 1, 0, 0]      [0, 0, 0, 0]
142                           eu?]?.xGHsGtG+GhHmqd\:zY        [0, 4, 0, 0]      [0, 2, 0, 0]       [0, 0, 0, 0]      [0, 0, 0, 0]       [1, 0, 0, 1]        [0, 0, 0, 0]      [0, 0, 0, 0]        [0, 1, 0, 0]      [0, 0, 0, 0]
143                        S+Qu?smt%hHrFdC,QtQ>GvzGhvz        [0, 2, 0, 0]      [0, 1, 0, 0]       [0, 0, 0, 0]      [0, 0, 0, 0]       [0, 0, 0, 0]        [0, 1, 0, 0]      [0, 1, 0, 0]        [0, 1, 0, 0]      [0, 0, 0, 0]
144                               Msme.H%dGu+G-HsGjHGY        [0, 5, 0, 0]      [0, 3, 0, 0]       [0, 0, 0, 0]      [0, 0, 0, 0]       [1, 0, 0, 1]        [0, 0, 0, 0]      [0, 0, 0, 0]        [0, 1, 0, 0]      [0, 0, 0, 0]
145                                         u+GhO4^4TZ        [0, 1, 0, 0]      [0, 0, 0, 0]       [0, 0, 0, 0]      [1, 0, 0, 1]       [0, 0, 0, 0]        [1, 0, 0, 1]      [0, 0, 0, 0]        [0, 0, 0, 0]      [0, 0, 0, 0]
146                            Jmx+jkUTGdrz2KheSJ,iJKK        [1, 0, 0, 1]      [0, 0, 0, 0]       [0, 0, 0, 0]      [1, 0, 0, 1]       [0, 0, 0, 0]        [0, 0, 0, 0]      [0, 0, 0, 0]        [0, 1, 0, 0]      [1, 0, 0, 1]
147                                               l.BQ        [0, 0, 0, 0]      [0, 0, 0, 0]       [0, 0, 0, 0]      [0, 0, 0, 0]       [0, 0, 0, 0]        [0, 0, 0, 0]      [0, 0, 0, 0]        [0, 0, 0, 0]      [0, 0, 0, 0]
148                                   thf>smc1^hd.9TQ0        [0, 0, 0, 0]      [0, 0, 0, 0]       [0, 0, 0, 0]      [0, 1, 0, 0]       [0, 0, 0, 0]        [0, 0, 1, 1]      [0, 0, 0, 0]        [0, 1, 0, 0]      [0, 0, 0, 0]
149                M?G%GHg/GHH.N>ju%g*GhHT^T+YslNN1T_Y        [0, 5, 0, 0]      [0, 5, 0, 0]       [3, 0, 0, 3]      [4, 0, 0, 4]       [3, 0, 0, 3]        [0, 0, 0, 0]      [0, 0, 0, 0]        [0, 0, 0, 0]      [0, 0, 0, 0]
150                                   @f!%+^2T1Tr1^3QQ        [0, 0, 0, 0]      [0, 0, 0, 0]       [0, 0, 0, 0]      [0, 2, 0, 0]       [0, 0, 0, 0]        [0, 0, 0, 0]      [0, 0, 0, 0]        [0, 0, 0, 0]      [0, 0, 0, 0]
151  Km.B/++24*dd**6%d2d48rvzQJCm+*\0-eSmlkKlddK"P1...        [0, 0, 0, 0]      [0, 0, 0, 0]       [0, 0, 0, 0]      [0, 0, 0, 0]       [0, 0, 0, 0]        [0, 0, 0, 0]      [2, 0, 0, 2]        [0, 7, 0, 0]      [0, 1, 0, 0]
152                 L?*bytbb1VQ~Z1J]ZW<.xJyhN~Z1aJZ;lJ        [0, 0, 0, 0]      [0, 0, 0, 0]       [2, 0, 0, 2]      [0, 0, 0, 0]       [0, 0, 0, 0]        [4, 0, 0, 4]      [0, 4, 0, 0]        [0, 0, 0, 0]      [0, 0, 0, 0]
153                     FNs.zx=Z}N"\/L"aY|}N"\/V"yZ;sY        [0, 0, 0, 0]      [0, 0, 0, 0]       [3, 0, 0, 3]      [0, 0, 0, 0]       [2, 0, 0, 2]        [2, 0, 0, 2]      [0, 0, 0, 0]        [0, 0, 0, 0]      [0, 0, 0, 0]
154                                  JmScd)t.zlfq/JT1J        [0, 0, 0, 0]      [0, 0, 0, 0]       [0, 0, 0, 0]      [0, 1, 0, 0]       [0, 0, 0, 0]        [0, 0, 0, 0]      [0, 0, 0, 0]        [0, 1, 0, 0]      [0, 0, 0, 0]
155                            #Ig{`10456{+`Z`^Z2Z)~Z1        [0, 0, 0, 0]      [0, 0, 0, 0]       [0, 0, 0, 0]      [0, 0, 0, 0]       [0, 0, 0, 0]        [4, 0, 0, 4]      [0, 0, 0, 0]        [0, 0, 0, 0]      [0, 0, 0, 0]
156                                 lf&!%QTq\2eS`TtUhQ        [0, 0, 0, 0]      [0, 0, 0, 0]       [0, 0, 0, 0]      [0, 2, 0, 0]       [0, 0, 0, 0]        [0, 0, 0, 0]      [0, 0, 0, 0]        [0, 0, 0, 0]      [0, 0, 0, 0]
157                                               slhQ        [0, 0, 0, 0]      [0, 0, 0, 0]       [0, 0, 0, 0]      [0, 0, 0, 0]       [0, 0, 0, 0]        [0, 0, 0, 0]      [0, 0, 0, 0]        [0, 0, 0, 0]      [0, 0, 0, 0]
158                                            uxGyGQ1        [0, 2, 0, 0]      [0, 0, 0, 0]       [0, 0, 0, 0]      [0, 0, 0, 0]       [0, 0, 0, 0]        [0, 0, 0, 0]      [0, 0, 0, 0]        [0, 0, 0, 0]      [0, 0, 0, 0]
159                         L{jbT@f<+yTy*TTy10467U^5QQ        [0, 0, 0, 0]      [0, 0, 0, 0]       [0, 0, 0, 0]      [1, 3, 0, 1]       [0, 0, 0, 0]        [0, 0, 0, 0]      [0, 2, 0, 0]        [0, 0, 0, 0]      [0, 0, 0, 0]
160           JwFHS{Js.e?@zk&gHYsm&gdH}d>_>JxJYx_JYJdJ        [0, 0, 0, 0]      [3, 0, 0, 3]       [0, 0, 0, 0]      [0, 0, 0, 0]       [3, 0, 0, 3]        [0, 0, 0, 0]      [0, 0, 0, 0]        [1, 2, 0, 1]      [0, 1, 0, 0]
161                                       #IqlPZ2Z)~Z1        [0, 0, 0, 0]      [0, 0, 0, 0]       [0, 0, 0, 0]      [0, 0, 0, 0]       [0, 0, 0, 0]        [3, 0, 0, 3]      [0, 0, 0, 0]        [0, 0, 0, 0]      [0, 0, 0, 0]
162                    Jt.2425K366-1c.xX0rK-KQ*JQ^+KJQ        [0, 0, 0, 0]      [0, 0, 0, 0]       [0, 0, 0, 0]      [0, 0, 0, 0]       [0, 0, 0, 0]        [0, 0, 1, 1]      [0, 0, 0, 0]        [0, 0, 0, 0]      [0, 0, 0, 0]
163                  KczdhxKeo,x,ehK\SeNXhN"TKA""AYZ"K        [0, 0, 0, 0]      [0, 0, 0, 0]       [0, 2, 0, 0]      [0, 0, 0, 0]       [0, 0, 0, 0]        [0, 0, 0, 0]      [0, 0, 0, 0]        [1, 0, 0, 1]      [0, 0, 0, 0]
164                             VQJ,*y.n0O0.tOZ4,sJ-FJ        [0, 0, 0, 0]      [0, 0, 0, 0]       [1, 0, 0, 1]      [0, 0, 0, 0]       [0, 0, 0, 0]        [1, 1, 2, 3]      [0, 1, 0, 0]        [0, 0, 0, 0]      [0, 0, 0, 0]
165                    hxczdeo}\SNo}@z1Zox"TJQKA"hNScz        [0, 0, 0, 0]      [0, 0, 0, 0]       [0, 2, 0, 0]      [0, 0, 0, 0]       [0, 0, 0, 0]        [1, 0, 0, 1]      [0, 0, 0, 0]        [1, 0, 0, 1]      [0, 0, 0, 0]
166                          J"KTAZ"hxcz)eo_XN+@z1JJcz        [0, 0, 0, 0]      [0, 0, 0, 0]       [0, 1, 0, 0]      [0, 0, 0, 0]       [0, 0, 0, 0]        [0, 0, 0, 0]      [0, 0, 0, 0]        [0, 0, 0, 0]      [0, 0, 0, 0]
167                    VzJs.e?YqN-/<zk\(/<zhk\)dzI-JdJ        [0, 0, 0, 0]      [0, 0, 0, 0]       [2, 0, 0, 2]      [0, 0, 0, 0]       [1, 0, 0, 1]        [0, 0, 0, 0]      [0, 0, 0, 0]        [2, 0, 0, 2]      [0, 2, 0, 0]
168  Ksm>+0jCd16_2zJ?,hKeKQmxFdCcK2=KsmmxFkC,dJc?tP...        [0, 0, 0, 0]      [0, 0, 0, 0]       [0, 0, 0, 0]      [0, 0, 0, 0]       [0, 0, 0, 0]        [0, 2, 1, 1]      [0, 2, 0, 0]        [0, 4, 0, 0]      [0, 1, 0, 0]
169                             m,-Fdsdm,y*.nZOZ.tOZ4Q        [0, 0, 0, 0]      [0, 0, 0, 0]       [0, 0, 0, 0]      [0, 0, 0, 0]       [0, 0, 0, 0]        [3, 1, 0, 3]      [0, 1, 0, 0]        [0, 2, 0, 0]      [0, 0, 0, 0]
170                                                           [0, 0, 0, 0]      [0, 0, 0, 0]       [0, 0, 0, 0]      [0, 0, 0, 0]       [0, 0, 0, 0]        [0, 0, 0, 0]      [0, 0, 0, 0]        [0, 0, 0, 0]      [0, 0, 0, 0]
171                                         "u+G]G"z\]        [0, 0, 0, 0]      [0, 0, 0, 0]       [0, 0, 0, 0]      [0, 0, 0, 0]       [0, 0, 0, 0]        [0, 0, 0, 0]      [0, 0, 0, 0]        [0, 0, 0, 0]      [0, 0, 0, 0]
172  FN*Fmsm?k}kG^Gvkcd\/ceKc-rz0`Hd\,#=sN)I!.-NhK1...        [2, 0, 0, 2]      [1, 0, 0, 1]       [4, 0, 0, 4]      [0, 0, 0, 0]       [0, 0, 0, 0]        [0, 1, 2, 2]      [0, 1, 0, 0]        [1, 1, 0, 1]      [0, 3, 0, 0]
173             L@+\ASzbuXGyhHyHQzpyQ"It is ""'s turn.        [0, 1, 0, 0]      [0, 2, 0, 0]       [0, 0, 0, 0]      [0, 0, 0, 0]       [0, 0, 0, 0]        [0, 0, 0, 0]      [0, 2, 0, 0]        [0, 0, 0, 0]      [0, 0, 0, 0]
174                                       f!eSXOUQQtZ1        [0, 0, 0, 0]      [0, 0, 0, 0]       [0, 0, 0, 0]      [0, 0, 0, 0]       [0, 0, 0, 0]        [1, 0, 0, 1]      [0, 0, 0, 0]        [0, 0, 0, 0]      [0, 0, 0, 0]
175                              hfqzho>xNT0Sf}TY.z.:z        [0, 0, 0, 0]      [0, 0, 0, 0]       [0, 1, 0, 0]      [0, 2, 0, 0]       [0, 1, 0, 0]        [0, 0, 1, 1]      [0, 0, 0, 0]        [0, 0, 0, 0]      [0, 0, 0, 0]
176              uXGK<.<+\ASzH2)QzpeK"It is ""'s turn.        [0, 1, 0, 0]      [0, 1, 0, 0]       [0, 0, 0, 0]      [0, 0, 0, 0]       [0, 0, 0, 0]        [0, 0, 0, 0]      [0, 0, 0, 0]        [0, 0, 0, 0]      [0, 0, 0, 0]
177                                           smhO4^4T        [0, 0, 0, 0]      [0, 0, 0, 0]       [0, 0, 0, 0]      [1, 0, 0, 1]       [0, 0, 0, 0]        [0, 0, 0, 0]      [0, 0, 0, 0]        [0, 0, 0, 0]      [0, 0, 0, 0]
178           KYleolNe.eaK+e+]])olNf.A.eg@YbZeT<Kk]YSQ        [0, 0, 0, 0]      [0, 0, 0, 0]       [0, 2, 0, 0]      [0, 1, 0, 0]       [2, 1, 0, 2]        [0, 1, 0, 0]      [0, 1, 0, 0]        [0, 0, 0, 0]      [0, 1, 0, 0]
179               AGHQLlfqhS<bhT@bTUGlf!-,yTy_TH.pr1hG        [4, 0, 0, 4]      [3, 0, 0, 3]       [0, 0, 0, 0]      [0, 4, 0, 0]       [0, 0, 0, 0]        [0, 0, 0, 0]      [0, 3, 0, 0]        [0, 0, 0, 0]      [0, 0, 0, 0]
180                                    f.A.eq/TkYT^UQQ        [0, 0, 0, 0]      [0, 0, 0, 0]       [0, 0, 0, 0]      [0, 2, 0, 0]       [1, 0, 0, 1]        [0, 0, 0, 0]      [0, 0, 0, 0]        [0, 0, 0, 0]      [0, 1, 0, 0]
181                               ql{m+=Z*=T^.j)hCdzlz        [0, 0, 0, 0]      [0, 0, 0, 0]       [0, 0, 0, 0]      [1, 0, 0, 1]       [0, 0, 0, 0]        [1, 0, 0, 1]      [0, 0, 0, 0]        [0, 1, 0, 0]      [0, 0, 0, 0]
182    p.U&-=T*q3l{[0bZ)^_1%-Zb3xbZmvdz@+c"i - -i")khT        [0, 0, 0, 0]      [0, 0, 0, 0]       [0, 0, 0, 0]      [2, 0, 0, 2]       [0, 0, 0, 0]        [0, 3, 1, 1]      [0, 3, 0, 0]        [0, 1, 0, 0]      [1, 0, 0, 1]
183                    abcdefghijklmnoppqrstuvwxxyzG."        [0, 0, 0, 0]      [0, 0, 0, 0]       [0, 0, 0, 0]      [0, 0, 0, 0]       [0, 0, 0, 0]        [0, 0, 0, 0]      [0, 0, 0, 0]        [0, 0, 0, 0]      [0, 0, 0, 0]
184                          K2W<ZQ~K1IqKsf!%KTr1KK~Z1        [0, 0, 0, 0]      [0, 0, 0, 0]       [0, 0, 0, 0]      [1, 0, 0, 1]       [0, 0, 0, 0]        [2, 0, 0, 2]      [0, 0, 0, 0]        [0, 0, 0, 0]      [0, 0, 0, 0]
185                          J1W<lYQy=JI!tPKtyJaY*JK;Y        [0, 0, 0, 0]      [0, 0, 0, 0]       [0, 0, 0, 0]      [0, 0, 0, 0]       [3, 0, 0, 3]        [0, 0, 0, 0]      [0, 0, 0, 0]        [0, 0, 0, 0]      [0, 0, 0, 0]
186                                  uXGhaf>FT.:G2]Z)Q        [0, 2, 0, 0]      [0, 0, 0, 0]       [0, 0, 0, 0]      [1, 0, 0, 1]       [0, 0, 0, 0]        [1, 1, 0, 1]      [0, 1, 0, 0]        [0, 0, 0, 0]      [0, 0, 0, 0]
187          umsdc+0sm@c[ZJhkJZKcJ2K)2x"\/"ekC,GH2.z]1        [0, 1, 0, 0]      [0, 1, 0, 0]       [0, 0, 0, 0]      [0, 0, 0, 0]       [0, 0, 0, 0]        [2, 0, 1, 3]      [0, 0, 0, 0]        [1, 0, 0, 1]      [0, 2, 0, 0]
188                 j+\,bmjk[\'?kgd20Z/d2\:*3%d2Z\')48        [0, 0, 0, 0]      [0, 0, 0, 0]       [0, 0, 0, 0]      [0, 0, 0, 0]       [0, 0, 0, 0]        [2, 0, 0, 2]      [1, 0, 0, 1]        [3, 0, 0, 3]      [0, 2, 0, 0]
189                               uXGHr@GH1fqd@+dzTUzz        [0, 2, 0, 0]      [0, 2, 0, 0]       [0, 0, 0, 0]      [1, 0, 0, 1]       [0, 0, 0, 0]        [0, 0, 0, 0]      [0, 0, 0, 0]        [2, 0, 0, 2]      [0, 0, 0, 0]
190                              huXf>+H@GhT@GT0G1Qm0Q        [0, 3, 0, 0]      [0, 1, 0, 0]       [0, 0, 0, 0]      [2, 0, 0, 2]       [0, 0, 0, 0]        [0, 0, 2, 2]      [0, 0, 0, 0]        [0, 0, 0, 0]      [0, 0, 0, 0]
191                                       jb.:X*dyQQzQ        [0, 0, 0, 0]      [0, 0, 0, 0]       [0, 0, 0, 0]      [0, 0, 0, 0]       [0, 0, 0, 0]        [0, 0, 0, 0]      [1, 0, 0, 1]        [1, 0, 0, 1]      [0, 0, 0, 0]
192                                      #X=Qhf>FT.:Q2        [0, 0, 0, 0]      [0, 0, 0, 0]       [0, 0, 0, 0]      [1, 0, 0, 1]       [0, 0, 0, 0]        [0, 1, 0, 0]      [0, 1, 0, 0]        [0, 0, 0, 0]      [0, 0, 0, 0]
193  M[Jj"/\\"*hGdjP*G+*2dH*2\O_J)?jb?gQ\/>Q0msdCg_...        [0, 3, 0, 0]      [0, 2, 0, 0]       [0, 0, 0, 0]      [0, 0, 0, 0]       [0, 0, 0, 0]        [0, 0, 1, 1]      [1, 0, 0, 1]        [3, 0, 0, 3]      [0, 0, 0, 0]
194                                      +u++GG\}z\{\}        [0, 2, 0, 0]      [0, 0, 0, 0]       [0, 0, 0, 0]      [0, 0, 0, 0]       [0, 0, 0, 0]        [0, 0, 0, 0]      [0, 0, 0, 0]        [0, 0, 0, 0]      [0, 0, 0, 0]
195                                   p/KsP*2.zJ@S{K2J        [0, 0, 0, 0]      [0, 0, 0, 0]       [0, 0, 0, 0]      [0, 0, 0, 0]       [0, 0, 0, 0]        [0, 0, 0, 0]      [0, 0, 0, 0]        [0, 0, 0, 0]      [0, 0, 0, 0]
196                    V48<%"'%02d:%d0',",/N2*3%N2-54N        [0, 0, 0, 0]      [0, 0, 0, 0]       [4, 0, 0, 4]      [0, 0, 0, 0]       [0, 0, 0, 0]        [0, 0, 0, 0]      [0, 0, 0, 0]        [0, 0, 0, 0]      [0, 0, 0, 0]
197                         Pjbm%"'%02d:%s0',"d*U24"03        [0, 0, 0, 0]      [0, 0, 0, 0]       [0, 0, 0, 0]      [0, 0, 0, 0]       [0, 0, 0, 0]        [0, 0, 0, 0]      [1, 0, 0, 1]        [1, 0, 0, 1]      [0, 0, 0, 0]
198  KdMms[*Kt-QdG*Kd\|*KdH)_UQjbg\\\/p\O*Q\-*\-Qjb...        [0, 2, 0, 0]      [0, 2, 0, 0]       [0, 0, 0, 0]      [0, 0, 0, 0]       [0, 0, 0, 0]        [0, 0, 0, 0]      [2, 0, 0, 2]        [4, 0, 0, 4]      [0, 0, 0, 0]
199                                           e%Cz8109        [0, 0, 0, 0]      [0, 0, 0, 0]       [0, 0, 0, 0]      [0, 0, 0, 0]       [0, 0, 0, 0]        [0, 0, 0, 0]      [0, 0, 0, 0]        [0, 0, 0, 0]      [0, 0, 0, 0]
200  XjdPczdsJc"~!@#$%^&*()_+ `1234567890-= qwertyu...        [0, 0, 0, 0]      [0, 0, 0, 0]       [0, 0, 0, 0]      [0, 0, 0, 0]       [0, 0, 0, 0]        [0, 0, 0, 0]      [0, 0, 0, 0]        [3, 0, 0, 3]      [0, 0, 0, 0]
201                          eSsmm*ss<dkss>dkr1ld.pcz)        [0, 0, 0, 0]      [0, 0, 0, 0]       [0, 0, 0, 0]      [0, 0, 0, 0]       [0, 0, 0, 0]        [0, 0, 0, 0]      [0, 0, 0, 0]        [3, 0, 0, 3]      [0, 2, 0, 0]
202                                   f!+tPTtPhyTr2^TT        [0, 0, 0, 0]      [0, 0, 0, 0]       [0, 0, 0, 0]      [4, 0, 0, 4]       [0, 0, 0, 0]        [0, 0, 0, 0]      [0, 0, 0, 0]        [0, 0, 0, 0]      [0, 0, 0, 0]
203                                K1#~K1I&!tPK!tPhyKK        [0, 0, 0, 0]      [0, 0, 0, 0]       [0, 0, 0, 0]      [0, 0, 0, 0]       [0, 0, 0, 0]        [0, 0, 0, 0]      [0, 0, 0, 0]        [0, 0, 0, 0]      [0, 0, 0, 0]
204               jbXmXXj\|m*\ Q2d\\_hd\/JhyQQX*\-JQ\O        [0, 0, 0, 0]      [0, 0, 0, 0]       [0, 0, 0, 0]      [0, 0, 0, 0]       [0, 0, 0, 0]        [0, 0, 0, 0]      [1, 0, 0, 1]        [2, 0, 1, 3]      [0, 0, 0, 0]
205                         fqvT100m+ssC,r1Td9^c3"+-"8        [0, 0, 0, 0]      [0, 0, 0, 0]       [0, 0, 0, 0]      [2, 0, 0, 2]       [0, 0, 0, 0]        [0, 0, 0, 0]      [0, 0, 0, 0]        [1, 0, 0, 1]      [0, 0, 0, 0]
206                           uf!f/h-FY3.:metsd`T2hGQ0        [0, 1, 0, 0]      [0, 0, 0, 0]       [0, 0, 0, 0]      [1, 0, 0, 1]       [0, 1, 0, 0]        [0, 1, 1, 1]      [0, 1, 0, 0]        [1, 0, 0, 1]      [0, 0, 0, 0]
207                  M?+&<HGgtGH&+-499GHgGtHH1g749 250        [0, 5, 0, 0]      [0, 6, 0, 0]       [0, 0, 0, 0]      [0, 0, 0, 0]       [0, 0, 0, 0]        [0, 0, 0, 0]      [0, 0, 0, 0]        [0, 0, 0, 0]      [0, 0, 0, 0]
208                                       uxyG*HQjvz2Z        [0, 1, 0, 0]      [0, 1, 0, 0]       [0, 0, 0, 0]      [0, 0, 0, 0]       [0, 0, 0, 0]        [1, 0, 0, 1]      [0, 0, 0, 0]        [0, 0, 0, 0]      [0, 0, 0, 0]
209                                            et%Cz31        [0, 0, 0, 0]      [0, 0, 0, 0]       [0, 0, 0, 0]      [0, 0, 0, 0]       [0, 0, 0, 0]        [0, 0, 0, 0]      [0, 0, 0, 0]        [0, 0, 0, 0]      [0, 0, 0, 0]
210                                     s.icFPQmedSCtQ        [0, 0, 0, 0]      [0, 0, 0, 0]       [0, 0, 0, 0]      [0, 0, 0, 0]       [0, 0, 0, 0]        [0, 1, 0, 0]      [0, 1, 0, 0]        [1, 0, 0, 1]      [0, 0, 0, 0]
211                                  ssC,cFPQamedSCtQ]        [0, 0, 0, 0]      [0, 0, 0, 0]       [0, 0, 0, 0]      [0, 0, 0, 0]       [0, 0, 0, 0]        [0, 1, 0, 0]      [0, 1, 0, 0]        [1, 0, 0, 1]      [0, 0, 0, 0]
212                                         lfqSzST.:w        [0, 0, 0, 0]      [0, 0, 0, 0]       [0, 0, 0, 0]      [1, 0, 0, 1]       [0, 0, 0, 0]        [0, 0, 0, 0]      [0, 0, 0, 0]        [0, 0, 0, 0]      [0, 0, 0, 0]
213                                      hJSmsd.pcz)eJ        [0, 0, 0, 0]      [0, 0, 0, 0]       [0, 0, 0, 0]      [0, 0, 0, 0]       [0, 0, 0, 0]        [0, 0, 0, 0]      [0, 0, 0, 0]        [1, 0, 0, 1]      [0, 0, 0, 0]
214                 p?"null"njT9m/zd{J%2wt:z.uSmxzdJNN        [0, 0, 0, 0]      [0, 0, 0, 0]       [2, 0, 0, 2]      [1, 0, 0, 1]       [0, 0, 0, 0]        [0, 0, 0, 0]      [0, 0, 0, 0]        [2, 0, 0, 2]      [0, 0, 0, 0]
215                                         FNG<.<N4 2        [1, 0, 0, 1]      [0, 0, 0, 0]       [2, 0, 0, 2]      [0, 0, 0, 0]       [0, 0, 0, 0]        [0, 0, 0, 0]      [0, 0, 0, 0]        [0, 0, 0, 0]      [0, 0, 0, 0]
216                  +C-75K@S[/QTT5)1<-@"- +"/heQ4d%K5        [0, 0, 0, 0]      [0, 0, 0, 0]       [0, 0, 0, 0]      [2, 0, 0, 2]       [0, 0, 0, 0]        [0, 0, 0, 0]      [0, 0, 0, 0]        [1, 0, 0, 1]      [0, 0, 0, 0]
217  M++28@j15973358 4G&qG2!%H4FN.pmv>dqhd\0cz\.I&&...        [0, 3, 0, 0]      [0, 2, 0, 0]       [9, 0, 0, 9]      [0, 0, 0, 0]       [4, 0, 0, 4]        [0, 1, 0, 0]      [0, 1, 0, 0]        [3, 0, 0, 3]      [0, 0, 0, 0]
218                      +sm**._K-Fdvz>y.aKvz.:Q2-eQhQ        [0, 0, 0, 0]      [0, 0, 0, 0]       [0, 0, 0, 0]      [0, 0, 0, 0]       [0, 0, 0, 0]        [0, 1, 0, 0]      [0, 1, 0, 0]        [1, 0, 0, 1]      [0, 0, 0, 0]
219                                      jb.:++K*dQzKQ        [0, 0, 0, 0]      [0, 0, 0, 0]       [0, 0, 0, 0]      [0, 0, 0, 0]       [0, 0, 0, 0]        [0, 0, 0, 0]      [1, 0, 0, 1]        [1, 0, 0, 1]      [0, 0, 0, 0]
220                                               xz"e        [0, 0, 0, 0]      [0, 0, 0, 0]       [0, 0, 0, 0]      [0, 0, 0, 0]       [0, 0, 0, 0]        [0, 0, 0, 0]      [0, 0, 0, 0]        [0, 0, 0, 0]      [0, 0, 0, 0]
221                                   .e-.|f}k@QTUQbkQ        [0, 0, 0, 0]      [0, 0, 0, 0]       [0, 0, 0, 0]      [1, 0, 0, 1]       [0, 0, 0, 0]        [0, 0, 0, 0]      [0, 1, 0, 0]        [0, 0, 0, 0]      [0, 2, 0, 0]
222                                sm-J/Q2%+-FdJQ.:vw2        [0, 0, 0, 0]      [0, 0, 0, 0]       [0, 0, 0, 0]      [0, 0, 0, 0]       [0, 0, 0, 0]        [0, 1, 0, 0]      [0, 1, 0, 0]        [1, 0, 0, 1]      [0, 0, 0, 0]
223                                  jdml@"aeiou"dcrzZ        [0, 0, 0, 0]      [0, 0, 0, 0]       [0, 0, 0, 0]      [0, 0, 0, 0]       [0, 0, 0, 0]        [1, 0, 0, 1]      [0, 0, 0, 0]        [2, 0, 0, 2]      [0, 0, 0, 0]
224             M?smcgtGd8fq5sm^-Fk2C,TH^UhQ2G1g@Q1>Q2        [0, 3, 0, 0]      [0, 2, 0, 0]       [0, 0, 0, 0]      [1, 0, 0, 1]       [0, 0, 0, 0]        [0, 1, 0, 0]      [0, 1, 0, 0]        [1, 0, 0, 1]      [0, 1, 0, 0]
225                        .V1lf!sm%h.!J++hbd@TdhJb.pb        [0, 0, 0, 0]      [0, 0, 0, 0]       [0, 0, 0, 0]      [1, 0, 0, 1]       [0, 0, 0, 0]        [0, 0, 0, 0]      [3, 0, 0, 3]        [2, 0, 0, 2]      [0, 0, 0, 0]
226                                                           [0, 0, 0, 0]      [0, 0, 0, 0]       [0, 0, 0, 0]      [0, 0, 0, 0]       [0, 0, 0, 0]        [0, 0, 0, 0]      [0, 0, 0, 0]        [0, 0, 0, 0]      [0, 0, 0, 0]
227                                 FN.z+*ZC9N~Z-1/N\)        [0, 0, 0, 0]      [0, 0, 0, 0]       [3, 0, 0, 3]      [0, 0, 0, 0]       [0, 0, 0, 0]        [2, 0, 0, 2]      [0, 0, 0, 0]        [0, 0, 0, 0]      [0, 0, 0, 0]
228  AYZczdJvY=Y*JK1.8\n?%"%f F\n%f K",+32Y+J273.15...        [1, 0, 0, 1]      [1, 0, 0, 1]       [0, 0, 0, 0]      [0, 0, 0, 0]       [5, 0, 0, 5]        [4, 0, 0, 4]      [0, 0, 0, 0]        [1, 0, 0, 1]      [0, 0, 0, 0]
229                              jku+j-JiGQK/J2QjKQvwz        [0, 1, 0, 0]      [0, 0, 0, 0]       [0, 0, 0, 0]      [0, 0, 0, 0]       [0, 0, 0, 0]        [0, 0, 0, 0]      [0, 0, 0, 0]        [0, 0, 0, 0]      [1, 0, 0, 1]
230                                          }wm=.rzGG        [2, 0, 0, 2]      [0, 0, 0, 0]       [0, 0, 0, 0]      [0, 0, 0, 0]       [0, 0, 0, 0]        [0, 0, 0, 0]      [0, 0, 0, 0]        [0, 0, 0, 0]      [0, 0, 0, 0]
231                            pdJef!-T<G7+k.:@Grz0)lJ        [2, 0, 0, 2]      [0, 0, 0, 0]       [0, 0, 0, 0]      [1, 0, 0, 1]       [0, 0, 0, 0]        [0, 0, 1, 1]      [0, 0, 0, 0]        [1, 0, 0, 1]      [1, 0, 0, 1]
232                                             jd%Qcz        [0, 0, 0, 0]      [0, 0, 0, 0]       [0, 0, 0, 0]      [0, 0, 0, 0]       [0, 0, 0, 0]        [0, 0, 0, 0]      [0, 0, 0, 0]        [1, 0, 0, 1]      [0, 0, 0, 0]
233                                vujksmjldQc2UiGQvwz        [0, 1, 0, 0]      [0, 0, 0, 0]       [0, 0, 0, 0]      [0, 0, 0, 0]       [0, 0, 0, 0]        [0, 0, 0, 0]      [0, 0, 0, 0]        [1, 0, 0, 1]      [1, 0, 0, 1]
234                             W>Q1=hZ=Q?h*Q3%Q2/Q2)Z        [0, 0, 0, 0]      [0, 0, 0, 0]       [0, 0, 0, 0]      [0, 0, 0, 0]       [0, 0, 0, 0]        [3, 0, 0, 3]      [0, 0, 0, 0]        [0, 0, 0, 0]      [0, 0, 0, 0]
235                                     xFm!%Q^d2[2TyT        [0, 0, 0, 0]      [0, 0, 0, 0]       [0, 0, 0, 0]      [2, 0, 0, 2]       [0, 0, 0, 0]        [0, 1, 0, 0]      [0, 1, 0, 0]        [1, 0, 0, 1]      [0, 0, 0, 0]
236                                        !%|F_jQ*TT4        [0, 0, 0, 0]      [0, 0, 0, 0]       [0, 0, 0, 0]      [2, 0, 0, 2]       [0, 0, 0, 0]        [0, 1, 0, 0]      [0, 1, 0, 0]        [0, 0, 0, 0]      [0, 0, 0, 0]
237                    eSX0lM.zff-\1@VhY>eYT*Fm,d_d.z0        [0, 0, 0, 0]      [0, 0, 0, 0]       [0, 0, 0, 0]      [1, 0, 0, 1]       [0, 2, 0, 0]        [0, 1, 2, 2]      [0, 1, 0, 0]        [2, 0, 0, 2]      [0, 2, 0, 0]
238                                          qFmmxdkdQ        [0, 0, 0, 0]      [0, 0, 0, 0]       [0, 0, 0, 0]      [0, 0, 0, 0]       [0, 0, 0, 0]        [0, 1, 0, 0]      [0, 1, 0, 0]        [2, 0, 0, 2]      [0, 1, 0, 0]
239                              Lh&lJfqbsT.:tUb)syMeJ        [0, 0, 0, 0]      [0, 0, 0, 0]       [0, 0, 0, 0]      [1, 0, 0, 1]       [0, 0, 0, 0]        [0, 0, 0, 0]      [0, 3, 0, 0]        [0, 0, 0, 0]      [0, 1, 0, 0]
240                                         pjd-cQdkNN        [0, 0, 0, 0]      [0, 0, 0, 0]       [2, 0, 0, 2]      [0, 0, 0, 0]       [0, 0, 0, 0]        [0, 0, 0, 0]      [0, 0, 0, 0]        [2, 0, 0, 2]      [1, 0, 0, 1]
241  AGZQ=kZK*]0lZVGJhOfqeTh.MZZ.e(kb)Z XJK1 XZJ/@k...        [3, 0, 0, 3]      [1, 0, 0, 1]       [1, 0, 0, 1]      [1, 0, 0, 1]       [0, 0, 0, 0]        [6, 1, 1, 7]      [0, 1, 0, 0]        [0, 0, 0, 0]      [2, 1, 0, 2]
242               J<_hCo/@eCQhNheN.S*UQUvzvz.e,b/JkhCQ        [0, 0, 0, 0]      [0, 0, 0, 0]       [2, 0, 0, 2]      [0, 0, 0, 0]       [0, 0, 0, 0]        [0, 0, 0, 0]      [0, 1, 0, 0]        [0, 0, 0, 0]      [0, 1, 0, 0]
243                                     jdm+hd-rtd0Gcz        [1, 0, 0, 1]      [0, 0, 0, 0]       [0, 0, 0, 0]      [0, 0, 0, 0]       [0, 0, 0, 0]        [0, 0, 1, 1]      [0, 0, 0, 0]        [3, 0, 0, 3]      [0, 0, 0, 0]
244                                               .>zQ        [0, 0, 0, 0]      [0, 0, 0, 0]       [0, 0, 0, 0]      [0, 0, 0, 0]       [0, 0, 0, 0]        [0, 0, 0, 0]      [0, 0, 0, 0]        [0, 0, 0, 0]      [0, 0, 0, 0]
245                       ssmm*vedkPdPcz-hMJf<@zT\=UzJ        [0, 0, 0, 0]      [0, 0, 0, 0]       [0, 0, 0, 0]      [1, 0, 0, 1]       [0, 0, 0, 0]        [0, 0, 0, 0]      [0, 0, 0, 0]        [2, 0, 0, 2]      [0, 2, 0, 0]
246                 +.Rs.aM-M.:m.jF.Dx`ciUTT1b3z2 2"cm        [0, 0, 0, 0]      [0, 0, 0, 0]       [0, 0, 0, 0]      [2, 0, 0, 2]       [0, 0, 0, 0]        [0, 1, 0, 0]      [1, 1, 0, 1]        [0, 0, 0, 0]      [0, 2, 0, 0]
247               lu{smmXd,0@dk)fq1.a.DR4,Txd0UdGQ]U16        [0, 1, 0, 0]      [0, 0, 0, 0]       [0, 0, 0, 0]      [1, 0, 0, 1]       [0, 0, 0, 0]        [0, 0, 2, 2]      [0, 1, 0, 0]        [4, 0, 0, 4]      [0, 1, 0, 0]
248                       L?j\xm+ed+"^("+yhd\)rPb8tPbb        [0, 0, 0, 0]      [0, 0, 0, 0]       [0, 0, 0, 0]      [0, 0, 0, 0]       [0, 0, 0, 0]        [0, 0, 0, 0]      [0, 4, 0, 0]        [2, 0, 0, 2]      [0, 0, 0, 0]
249                         Lj\*m+ed?+\^jyhd`HthdkrPb8        [0, 0, 0, 0]      [1, 0, 0, 1]       [0, 0, 0, 0]      [0, 0, 0, 0]       [0, 0, 0, 0]        [0, 0, 0, 0]      [0, 2, 0, 0]        [3, 0, 0, 3]      [0, 1, 0, 0]
250                                      lftTcjd+.zC.z        [0, 0, 0, 0]      [0, 0, 0, 0]       [0, 0, 0, 0]      [1, 0, 0, 1]       [0, 0, 0, 0]        [0, 0, 0, 0]      [0, 0, 0, 0]        [1, 0, 0, 1]      [0, 0, 0, 0]
251                              Su+yMG-/R3fq4%T6G1Q]1        [0, 2, 0, 0]      [0, 0, 0, 0]       [0, 0, 0, 0]      [1, 0, 0, 1]       [0, 0, 0, 0]        [0, 0, 0, 0]      [0, 0, 0, 0]        [0, 0, 0, 0]      [0, 2, 0, 0]
252                  hosm.a,d,0NQcR^T3rhKSms*^T3ekQheK        [0, 0, 0, 0]      [0, 0, 0, 0]       [1, 0, 0, 1]      [2, 0, 0, 2]       [0, 0, 0, 0]        [0, 0, 1, 1]      [0, 0, 0, 0]        [1, 0, 0, 1]      [0, 2, 0, 0]
253                                           sv_`.lhQ        [0, 0, 0, 0]      [0, 0, 0, 0]       [0, 0, 0, 0]      [0, 0, 0, 0]       [0, 0, 0, 0]        [0, 0, 0, 0]      [0, 0, 0, 0]        [0, 0, 0, 0]      [0, 0, 0, 0]
254                               Jt^2hslhQ#p/=%QJ=/J2        [0, 0, 0, 0]      [0, 0, 0, 0]       [0, 0, 0, 0]      [0, 0, 0, 0]       [0, 0, 0, 0]        [0, 0, 0, 0]      [0, 0, 0, 0]        [0, 0, 0, 0]      [0, 0, 0, 0]
255                            Mjbmsm@"= "&%k4dh*4HhyG        [0, 2, 0, 0]      [0, 2, 0, 0]       [0, 0, 0, 0]      [0, 0, 0, 0]       [0, 0, 0, 0]        [0, 0, 0, 0]      [1, 0, 0, 1]        [1, 0, 0, 1]      [0, 1, 0, 0]
256                              *Fs.em+lf>Td>Qkt-bdbQ        [0, 0, 0, 0]      [0, 0, 0, 0]       [0, 0, 0, 0]      [1, 0, 0, 1]       [0, 0, 0, 0]        [0, 1, 0, 0]      [0, 3, 0, 0]        [2, 0, 0, 2]      [0, 1, 0, 0]
257                                              _jb.z        [0, 0, 0, 0]      [0, 0, 0, 0]       [0, 0, 0, 0]      [0, 0, 0, 0]       [0, 0, 0, 0]        [0, 0, 0, 0]      [1, 0, 0, 1]        [0, 0, 0, 0]      [0, 0, 0, 0]
258                                                  Q        [0, 0, 0, 0]      [0, 0, 0, 0]       [0, 0, 0, 0]      [0, 0, 0, 0]       [0, 0, 0, 0]        [0, 0, 0, 0]      [0, 0, 0, 0]        [0, 0, 0, 0]      [0, 0, 0, 0]
259                                     s@.pac2-zd@dzQ        [0, 0, 0, 0]      [0, 0, 0, 0]       [0, 0, 0, 0]      [0, 0, 0, 0]       [0, 0, 0, 0]        [0, 0, 0, 0]      [0, 0, 0, 0]        [2, 0, 0, 2]      [0, 0, 0, 0]
260                                                           [0, 0, 0, 0]      [0, 0, 0, 0]       [0, 0, 0, 0]      [0, 0, 0, 0]       [0, 0, 0, 0]        [0, 0, 0, 0]      [0, 0, 0, 0]        [0, 0, 0, 0]      [0, 0, 0, 0]
261                                 *Fsm.e+k-bdf>TdQeQ        [0, 0, 0, 0]      [0, 0, 0, 0]       [0, 0, 0, 0]      [1, 0, 0, 1]       [0, 0, 0, 0]        [0, 1, 0, 0]      [0, 2, 0, 0]        [2, 0, 0, 2]      [0, 1, 0, 0]
262                      ?tthu+VzSGzz}dzseMS.>L+z\ hlz        [0, 1, 0, 0]      [0, 0, 0, 0]       [0, 0, 0, 0]      [0, 0, 0, 0]       [0, 0, 0, 0]        [0, 0, 0, 0]      [0, 0, 0, 0]        [1, 0, 1, 2]      [0, 2, 0, 0]
263  AzHmu++Gm1sH]Zd]Z,_zwK+lzlHJmm\ KK .e.eX@J+kY+...        [1, 1, 0, 1]      [4, 1, 0, 4]       [0, 0, 0, 0]      [0, 0, 0, 0]       [0, 2, 0, 0]        [2, 1, 0, 2]      [1, 1, 0, 1]        [2, 0, 1, 3]      [0, 3, 0, 0]
264  *F-KP/Jmms*Vked,thdPhd*makhk^,1_1Q^[1ZZ_1)Q,ZZ...        [0, 0, 0, 0]      [0, 0, 0, 0]       [0, 0, 0, 0]      [0, 0, 0, 0]       [0, 0, 0, 0]        [4, 1, 0, 4]      [0, 1, 0, 0]        [3, 1, 0, 3]      [0, 3, 0, 0]
265       K,smlf!|Fms*Vd.>Tk2^,1_1Q^+0tM3Q^8Qj\//RiFKK        [0, 0, 0, 0]      [0, 0, 0, 0]       [0, 0, 0, 0]      [1, 0, 0, 1]       [0, 0, 0, 0]        [0, 2, 1, 1]      [0, 2, 0, 0]        [1, 1, 0, 1]      [0, 3, 0, 0]
266                                      jbf!-jQTU2tSQ        [0, 0, 0, 0]      [0, 0, 0, 0]       [0, 0, 0, 0]      [1, 0, 0, 1]       [0, 0, 0, 0]        [0, 0, 0, 0]      [1, 0, 0, 1]        [0, 0, 0, 0]      [0, 0, 0, 0]
267                                  Ljb3ye.f!-P-yZ01Q        [0, 0, 0, 0]      [0, 0, 0, 0]       [0, 0, 0, 0]      [0, 0, 0, 0]       [0, 0, 0, 0]        [0, 1, 1, 1]      [0, 2, 0, 0]        [0, 0, 0, 0]      [0, 0, 0, 0]
268                                   x[ZZ5ZZ2 9Z8 6)Q        [0, 0, 0, 0]      [0, 0, 0, 0]       [0, 0, 0, 0]      [0, 0, 0, 0]       [0, 0, 0, 0]        [5, 0, 0, 5]      [0, 0, 0, 0]        [0, 0, 0, 0]      [0, 0, 0, 0]
269                              *J17i!MsC_cJrstt.z7 2        [0, 0, 0, 0]      [0, 0, 0, 0]       [0, 0, 0, 0]      [0, 0, 0, 0]       [0, 0, 0, 0]        [0, 0, 0, 0]      [0, 0, 0, 0]        [0, 0, 0, 0]      [0, 1, 0, 0]
270                                                           [0, 0, 0, 0]      [0, 0, 0, 0]       [0, 0, 0, 0]      [0, 0, 0, 0]       [0, 0, 0, 0]        [0, 0, 0, 0]      [0, 0, 0, 0]        [0, 0, 0, 0]      [0, 0, 0, 0]
271         lsm-%R2}hKvMc-ecd\:G\-eK?}\ed}edGYc-rzZd\,        [2, 0, 0, 2]      [0, 0, 0, 0]       [0, 0, 0, 0]      [0, 0, 0, 0]       [1, 0, 0, 1]        [1, 0, 0, 1]      [0, 2, 0, 0]        [4, 0, 0, 4]      [0, 0, 0, 0]
272                                   ho.a-FsMNs./M.pQ        [0, 0, 0, 0]      [0, 0, 0, 0]       [1, 0, 0, 1]      [0, 0, 0, 0]       [0, 0, 0, 0]        [0, 1, 0, 0]      [0, 1, 0, 0]        [0, 0, 0, 0]      [0, 2, 0, 0]
273                                           zp\^*tQd        [0, 0, 0, 0]      [0, 0, 0, 0]       [0, 0, 0, 0]      [0, 0, 0, 0]       [0, 0, 0, 0]        [0, 0, 0, 0]      [0, 0, 0, 0]        [1, 0, 0, 1]      [0, 0, 0, 0]
274                                          ehc2osNyQ        [0, 0, 0, 0]      [0, 0, 0, 0]       [1, 0, 0, 1]      [0, 0, 0, 0]       [0, 0, 0, 0]        [0, 0, 0, 0]      [0, 0, 0, 0]        [0, 0, 0, 0]      [0, 0, 0, 0]
275                                 hljb-{.zsmteM./d.z        [0, 0, 0, 0]      [0, 0, 0, 0]       [0, 0, 0, 0]      [0, 0, 0, 0]       [0, 0, 0, 0]        [0, 0, 0, 0]      [1, 1, 0, 1]        [1, 0, 0, 1]      [0, 0, 0, 0]
276                              f|pd+/zTT=:zTd_.:"NBM        [0, 0, 0, 0]      [0, 0, 0, 0]       [0, 0, 0, 0]      [3, 0, 0, 3]       [0, 0, 0, 0]        [0, 0, 0, 0]      [0, 0, 0, 0]        [2, 0, 0, 2]      [0, 0, 0, 0]
277                    VhQ+J<t+++*Nd*N"\ "d*Q\_Q_XJ"\/        [0, 0, 0, 0]      [0, 0, 0, 0]       [3, 0, 0, 3]      [0, 0, 0, 0]       [0, 0, 0, 0]        [0, 0, 0, 0]      [0, 0, 0, 0]        [2, 0, 0, 2]      [0, 0, 0, 0]
278                                m/=%Qtydtd^L2_SslhQ        [0, 0, 0, 0]      [0, 0, 0, 0]       [0, 0, 0, 0]      [0, 0, 0, 0]       [0, 0, 0, 0]        [0, 0, 0, 0]      [0, 0, 0, 0]        [2, 0, 0, 2]      [0, 0, 0, 0]
279                                Wnz_z=z`+szs_z=hZ;Z        [0, 0, 0, 0]      [0, 0, 0, 0]       [0, 0, 0, 0]      [0, 0, 0, 0]       [0, 0, 0, 0]        [3, 0, 0, 3]      [0, 0, 0, 0]        [0, 0, 0, 0]      [0, 0, 0, 0]
280              f.Am>.asm^.n1c*.jZyk.nZQd^10_9.cUQTSQ        [0, 0, 0, 0]      [0, 0, 0, 0]       [0, 0, 0, 0]      [1, 0, 1, 2]       [0, 0, 0, 0]        [2, 0, 0, 2]      [0, 0, 0, 0]        [1, 0, 0, 1]      [0, 1, 0, 0]
281                         JscR).zjd*R\_jsiRKhseSsJJK        [0, 0, 0, 0]      [0, 0, 0, 0]       [0, 0, 0, 0]      [0, 0, 0, 0]       [0, 0, 0, 0]        [0, 0, 0, 0]      [0, 0, 0, 0]        [1, 0, 0, 1]      [0, 3, 0, 0]
282                                       f_I`~+Qs_`Q0        [0, 0, 0, 0]      [0, 0, 0, 0]       [0, 0, 0, 0]      [0, 0, 0, 0]       [0, 0, 0, 0]        [0, 0, 1, 1]      [0, 0, 0, 0]        [0, 0, 0, 0]      [0, 0, 0, 0]
283                                jd+Ltl=zc`zd_.:"NBM        [0, 0, 0, 0]      [0, 0, 0, 0]       [0, 0, 0, 0]      [0, 0, 0, 0]       [0, 0, 0, 0]        [0, 0, 0, 0]      [0, 0, 0, 0]        [2, 0, 0, 2]      [0, 0, 0, 0]
284                                  sm?+d.(QZqd&QhQdz        [0, 0, 0, 0]      [0, 0, 0, 0]       [0, 0, 0, 0]      [0, 0, 0, 0]       [0, 0, 0, 0]        [1, 0, 0, 1]      [0, 0, 0, 0]        [3, 0, 0, 3]      [0, 0, 0, 0]
285                                                v_z        [0, 0, 0, 0]      [0, 0, 0, 0]       [0, 0, 0, 0]      [0, 0, 0, 0]       [0, 0, 0, 0]        [0, 0, 0, 0]      [0, 0, 0, 0]        [0, 0, 0, 0]      [0, 0, 0, 0]
286                        VQI}KhNsMyJf!%KTSNI!@JYeaYK        [0, 0, 0, 0]      [0, 0, 0, 0]       [3, 0, 0, 3]      [1, 0, 0, 1]       [2, 0, 0, 2]        [0, 0, 0, 0]      [0, 0, 0, 0]        [0, 0, 0, 0]      [0, 1, 0, 0]
287  VTjd[jkKJ=boO0=ZS8fqZ=KoO0K0fqZ=XJO.CJ2)0fqZ=X...        [0, 0, 0, 0]      [0, 0, 0, 0]       [3, 0, 0, 3]      [1, 0, 0, 1]       [0, 0, 0, 0]        [4, 1, 5, 9]      [4, 1, 0, 4]        [1, 0, 0, 1]      [1, 0, 0, 1]
288                           .V0#jd*R\_jsiRbcjd.z)b.q        [0, 0, 0, 0]      [0, 0, 0, 0]       [0, 0, 0, 0]      [0, 0, 0, 0]       [0, 0, 0, 0]        [0, 0, 1, 1]      [2, 0, 0, 2]        [2, 0, 0, 2]      [0, 2, 0, 0]
289                s/Lz+"#0469@ADOPQRabdegopq"*2"$%&8B        [0, 0, 0, 0]      [0, 0, 0, 0]       [0, 0, 0, 0]      [0, 0, 0, 0]       [0, 0, 0, 0]        [0, 0, 0, 0]      [0, 0, 0, 0]        [0, 0, 0, 0]      [0, 0, 0, 0]
290                                &gF_m{.u+NYdYQqFsMQ        [0, 0, 0, 0]      [0, 0, 0, 0]       [0, 1, 0, 0]      [0, 0, 0, 0]       [1, 1, 0, 1]        [0, 2, 0, 0]      [0, 2, 0, 0]        [1, 0, 0, 1]      [0, 1, 0, 0]
291                                 V5sOMcR\|scR\{cz\}        [0, 0, 0, 0]      [0, 0, 0, 0]       [1, 0, 0, 1]      [0, 0, 0, 0]       [0, 0, 0, 0]        [0, 0, 0, 0]      [0, 0, 0, 0]        [0, 0, 0, 0]      [0, 3, 0, 0]
292                                    u|pH<GJxGH>GJwz        [2, 1, 0, 2]      [1, 1, 0, 1]       [0, 0, 0, 0]      [0, 0, 0, 0]       [0, 0, 0, 0]        [0, 0, 0, 0]      [0, 0, 0, 0]        [0, 0, 0, 0]      [0, 0, 0, 0]
293                                          oxNzf}zTQ        [0, 0, 0, 0]      [0, 0, 0, 0]       [1, 0, 0, 1]      [1, 0, 0, 1]       [0, 0, 0, 0]        [0, 0, 0, 0]      [0, 0, 0, 0]        [0, 0, 0, 0]      [0, 0, 0, 0]
294  I!%vzhK%2u?sm,ed-hd*ed/F<G2cG2@G1G+~Q,hQ_eQj9 ...        [0, 4, 0, 0]      [0, 0, 0, 0]       [1, 0, 0, 1]      [0, 0, 0, 0]       [0, 0, 0, 0]        [0, 1, 0, 0]      [0, 4, 0, 0]        [5, 0, 0, 5]      [0, 1, 0, 0]
295                           sm@tjC"cúÁ-ÈN%³rØ|­"3Cdz        [0, 0, 0, 0]      [0, 0, 0, 0]       [0, 0, 0, 0]      [0, 0, 0, 0]       [0, 0, 0, 0]        [0, 0, 0, 0]      [0, 0, 0, 0]        [1, 0, 0, 1]      [0, 0, 0, 0]
296                                             /.BQ\1        [0, 0, 0, 0]      [0, 0, 0, 0]       [0, 0, 0, 0]      [0, 0, 0, 0]       [0, 0, 0, 0]        [0, 0, 0, 0]      [0, 0, 0, 0]        [0, 0, 0, 0]      [0, 0, 0, 0]
297                          |smecd\=fqhcT\=zcecw\?\&"        [0, 0, 0, 0]      [0, 0, 0, 0]       [0, 0, 0, 0]      [1, 0, 0, 1]       [0, 0, 0, 0]        [0, 0, 0, 0]      [0, 0, 0, 0]        [1, 0, 0, 1]      [0, 0, 1, 1]
298              KPP^,1Z2VQ=K?m+dO1KqFJ,OKOKaKxVhJeJ;K        [0, 0, 0, 0]      [0, 0, 0, 0]       [1, 0, 0, 1]      [0, 0, 0, 0]       [0, 0, 0, 0]        [1, 1, 0, 1]      [0, 1, 0, 0]        [1, 0, 0, 1]      [0, 1, 0, 0]
299                                 #@.dcR\=cecw\?\&zq        [0, 0, 0, 0]      [0, 0, 0, 0]       [0, 0, 0, 0]      [0, 0, 0, 0]       [0, 0, 0, 0]        [0, 0, 0, 0]      [0, 0, 0, 0]        [0, 0, 0, 0]      [0, 1, 0, 0]
300                                                           [0, 0, 0, 0]      [0, 0, 0, 0]       [0, 0, 0, 0]      [0, 0, 0, 0]       [0, 0, 0, 0]        [0, 0, 0, 0]      [0, 0, 0, 0]        [0, 0, 0, 0]      [0, 0, 0, 0]
301                 u?+RO`TGqJOGKOG+Gsm`s!dqVJKQ[`T`11        [2, 2, 0, 2]      [0, 0, 0, 0]       [0, 0, 0, 0]      [2, 0, 0, 2]       [0, 0, 0, 0]        [0, 0, 0, 0]      [0, 0, 0, 0]        [1, 0, 0, 1]      [0, 2, 0, 0]
302                         u?+RO2GqFKmOG2aGxVFKQ*]1U2        [1, 2, 0, 1]      [0, 0, 0, 0]       [0, 0, 0, 0]      [0, 0, 0, 0]       [0, 0, 0, 0]        [0, 2, 0, 0]      [0, 2, 0, 0]        [0, 0, 0, 0]      [0, 2, 0, 0]
303                  L?*F+1yMbqb+YbsyMbyvsXzJ"])"+R\,J        [0, 0, 0, 0]      [0, 0, 0, 0]       [0, 0, 0, 0]      [0, 0, 0, 0]       [1, 0, 0, 1]        [0, 1, 0, 0]      [0, 6, 0, 0]        [0, 0, 0, 0]      [0, 3, 0, 0]
304                        p@" kMG"Js.lQK^T3.RcQ^KJ1\B        [0, 0, 0, 0]      [0, 0, 0, 0]       [0, 0, 0, 0]      [1, 0, 0, 1]       [0, 0, 0, 0]        [0, 0, 0, 0]      [0, 0, 0, 0]        [0, 0, 0, 0]      [0, 0, 0, 0]
305                                                           [0, 0, 0, 0]      [0, 0, 0, 0]       [0, 0, 0, 0]      [0, 0, 0, 0]       [0, 0, 0, 0]        [0, 0, 0, 0]      [0, 0, 0, 0]        [0, 0, 0, 0]      [0, 0, 0, 0]
306                            L?y.>b1}\-`Jtb.xyahbJ]J        [0, 0, 0, 0]      [0, 0, 0, 0]       [0, 0, 0, 0]      [0, 0, 0, 0]       [0, 0, 0, 0]        [0, 0, 0, 0]      [0, 4, 0, 0]        [0, 0, 0, 0]      [0, 0, 0, 0]
307                                   f!}"\\x"`TCMrQvw        [0, 0, 0, 0]      [0, 0, 0, 0]       [0, 0, 0, 0]      [1, 0, 0, 1]       [0, 0, 0, 0]        [0, 0, 0, 0]      [0, 0, 0, 0]        [0, 0, 0, 0]      [0, 1, 0, 0]
308  jbm++-2047ed?"-06-30"hd"-12-31"" 23:59:60"C,j3...        [0, 0, 0, 0]      [0, 0, 0, 0]       [0, 0, 0, 0]      [0, 0, 0, 0]       [0, 0, 0, 0]        [0, 0, 0, 0]      [1, 0, 0, 1]        [2, 0, 0, 2]      [0, 1, 0, 0]
309                                                cGG        [2, 0, 0, 2]      [0, 0, 0, 0]       [0, 0, 0, 0]      [0, 0, 0, 0]       [0, 0, 0, 0]        [0, 0, 0, 0]      [0, 0, 0, 0]        [0, 0, 0, 0]      [0, 0, 0, 0]
310                                     Pu+Gs_`s>2GQU2        [0, 2, 0, 0]      [0, 0, 0, 0]       [0, 0, 0, 0]      [0, 0, 0, 0]       [0, 0, 0, 0]        [0, 0, 0, 0]      [0, 0, 0, 0]        [0, 0, 0, 0]      [0, 0, 0, 0]
311                           Jmm,chk@Qddt@Qd2eMS+hJeJ        [0, 0, 0, 0]      [0, 0, 0, 0]       [0, 0, 0, 0]      [0, 0, 0, 0]       [0, 0, 0, 0]        [0, 0, 0, 0]      [0, 0, 0, 0]        [3, 0, 0, 3]      [0, 2, 0, 0]
312                               .M/:rz0+Z"{2,}"KC0KG        [1, 0, 0, 1]      [0, 0, 0, 0]       [0, 0, 0, 0]      [0, 0, 0, 0]       [0, 0, 0, 0]        [0, 1, 2, 2]      [0, 0, 0, 0]        [0, 0, 0, 0]      [0, 0, 0, 0]
313   Km0QJsM.u?<+vM.sjkZ\1KQe=Z.>NOQ+PZ1vwKm/-VJtJhdQ        [0, 0, 0, 0]      [0, 0, 0, 0]       [0, 1, 0, 0]      [0, 0, 0, 0]       [0, 0, 0, 0]        [3, 0, 1, 4]      [0, 1, 0, 0]        [1, 0, 0, 1]      [1, 2, 0, 1]
314                                    .M/sfthTrrz08ZG        [1, 0, 0, 1]      [0, 0, 0, 0]       [0, 0, 0, 0]      [1, 0, 0, 1]       [0, 0, 0, 0]        [0, 1, 1, 1]      [0, 0, 0, 0]        [0, 0, 0, 0]      [0, 0, 0, 0]
315      AGH.gqhk"NSCC"m,hdrFtdcQ3hMef&.{KseMT@KehHtyG        [3, 0, 0, 3]      [3, 0, 0, 3]       [0, 0, 0, 0]      [1, 0, 0, 1]       [0, 0, 0, 0]        [0, 1, 0, 0]      [0, 1, 0, 0]        [2, 0, 0, 2]      [0, 3, 0, 0]
316                      j\:_m>l`td+"00"%~/QddCM"ϨϨ<<<        [0, 0, 0, 0]      [0, 0, 0, 0]       [0, 0, 0, 0]      [0, 0, 0, 0]       [0, 0, 0, 0]        [0, 0, 0, 0]      [0, 0, 0, 0]        [3, 0, 0, 3]      [0, 1, 0, 0]
317                            eSs.em*,kd!xxxFQb-bdSbQ        [0, 0, 0, 0]      [0, 0, 0, 0]       [0, 0, 0, 0]      [0, 0, 0, 0]       [0, 0, 0, 0]        [0, 1, 0, 0]      [0, 4, 0, 0]        [2, 0, 0, 2]      [0, 1, 0, 0]
318                                   K1uhh-*34G~KGtQZ        [0, 2, 0, 0]      [0, 0, 0, 0]       [0, 0, 0, 0]      [0, 0, 0, 0]       [0, 0, 0, 0]        [1, 0, 0, 1]      [0, 0, 0, 0]        [0, 0, 0, 0]      [0, 0, 0, 0]
319                                  J]0VQjk~JsjR2srJ8        [0, 0, 0, 0]      [0, 0, 0, 0]       [1, 0, 0, 1]      [0, 0, 0, 0]       [0, 0, 0, 0]        [0, 0, 1, 1]      [0, 0, 0, 0]        [0, 0, 0, 0]      [1, 1, 0, 1]
320                         J-G"aeiouy"VT=k+kOJ=J-GJ;k        [2, 0, 0, 2]      [0, 0, 0, 0]       [1, 0, 0, 1]      [1, 0, 0, 1]       [0, 0, 0, 0]        [0, 0, 0, 0]      [0, 0, 0, 0]        [0, 0, 0, 0]      [3, 0, 0, 3]
321                                  i+1xL"><+-.,[]"z8        [0, 0, 0, 0]      [0, 0, 0, 0]       [0, 0, 0, 0]      [0, 0, 0, 0]       [0, 0, 0, 0]        [0, 0, 0, 0]      [0, 0, 0, 0]        [0, 0, 0, 0]      [0, 0, 0, 0]
322                           JK>95CM127s@LKxL~J+d-Jdz        [0, 0, 0, 0]      [0, 0, 0, 0]       [0, 0, 0, 0]      [0, 0, 0, 0]       [0, 0, 0, 0]        [0, 0, 0, 0]      [0, 0, 0, 0]        [2, 0, 0, 2]      [0, 1, 0, 0]
323                                  I>QKvz.RcsmhOQKKZ        [0, 0, 0, 0]      [0, 0, 0, 0]       [0, 0, 0, 0]      [0, 0, 0, 0]       [0, 0, 0, 0]        [1, 0, 0, 1]      [0, 0, 0, 0]        [0, 0, 0, 0]      [0, 0, 0, 0]
324                L&@Fb?+yPMbeeb@FeMbeolNmyXJbdP@bdlb        [0, 0, 0, 0]      [0, 0, 0, 0]       [1, 0, 0, 1]      [0, 0, 0, 0]       [0, 0, 0, 0]        [0, 2, 0, 0]     [0, 10, 0, 0]        [2, 0, 0, 2]      [0, 2, 0, 0]
325                                eS.e*<JxxFQbb,k-bJQ        [0, 0, 0, 0]      [0, 0, 0, 0]       [0, 0, 0, 0]      [0, 0, 0, 0]       [0, 0, 0, 0]        [0, 1, 0, 0]      [1, 3, 0, 1]        [0, 0, 0, 0]      [1, 0, 0, 1]
326     Krz7.wcmmsm/*@b+3k@b2h.a,<b2_.DdhKrR7.zU3*FKhK        [0, 0, 0, 0]      [0, 0, 0, 0]       [0, 0, 0, 0]      [0, 0, 0, 0]       [0, 0, 0, 0]        [0, 1, 0, 0]      [0, 4, 0, 0]        [0, 2, 0, 0]      [0, 1, 0, 0]
327   J`Hs?m*hdi+1xLJtd2tczf-@zTJUz@Jzsm+ed@LJtjhd2rz8        [0, 0, 0, 0]      [1, 0, 0, 1]       [0, 0, 0, 0]      [1, 0, 0, 1]       [0, 0, 0, 0]        [0, 0, 0, 0]      [0, 0, 0, 0]        [4, 0, 0, 4]      [0, 0, 0, 0]
328                                  +j" ? "SQ*tQ" : 0        [0, 0, 0, 0]      [0, 0, 0, 0]       [0, 0, 0, 0]      [0, 0, 0, 0]       [0, 0, 0, 0]        [0, 0, 0, 0]      [0, 0, 0, 0]        [0, 0, 0, 0]      [0, 0, 0, 0]
329                                     FNQ<s*V" -"NeN        [0, 0, 0, 0]      [0, 0, 0, 0]       [3, 0, 0, 3]      [0, 0, 0, 0]       [0, 0, 0, 0]        [0, 0, 0, 0]      [0, 0, 0, 0]        [0, 0, 0, 0]      [0, 1, 0, 0]
330              Vy"CJMPRS"++smvhdf?q@eTNNN!eTcR\ .zdN        [0, 0, 0, 0]      [0, 0, 0, 0]       [5, 0, 0, 5]      [2, 0, 0, 2]       [0, 0, 0, 0]        [0, 0, 0, 0]      [0, 0, 0, 0]        [2, 0, 1, 3]      [0, 1, 0, 0]
331                                  jd.iSQs*RtQ,\?":0        [0, 0, 0, 0]      [0, 0, 0, 0]       [0, 0, 0, 0]      [0, 0, 0, 0]       [0, 0, 0, 0]        [0, 0, 0, 0]      [0, 0, 0, 0]        [1, 0, 0, 1]      [0, 1, 0, 0]
332                                 +z*>Kf!xz>zT1zl>zK        [0, 0, 0, 0]      [0, 0, 0, 0]       [0, 0, 0, 0]      [1, 0, 0, 1]       [0, 0, 0, 0]        [0, 0, 0, 0]      [0, 0, 0, 0]        [0, 0, 0, 0]      [0, 0, 0, 0]
333         V/Q2=k++kO-GJ"aeiou"OJ;rs.SXZck2*%Q2O"hy"4        [1, 0, 0, 1]      [0, 0, 0, 0]       [1, 0, 0, 1]      [0, 0, 0, 0]       [0, 0, 0, 0]        [1, 0, 0, 1]      [0, 0, 0, 0]        [0, 0, 0, 0]      [3, 0, 0, 3]
334                                        *RQ,hJ.aQ_J        [0, 0, 0, 0]      [0, 0, 0, 0]       [0, 0, 0, 0]      [0, 0, 0, 0]       [0, 0, 0, 0]        [0, 0, 0, 0]      [0, 0, 0, 0]        [0, 0, 0, 0]      [0, 1, 0, 0]
335  jd.xcz,Jhf!s*Vm-Cd64zr_TlzUzhJ,z"DOES NOT BALANCE        [0, 0, 0, 0]      [0, 0, 0, 0]       [0, 0, 0, 0]      [1, 0, 0, 1]       [0, 0, 0, 0]        [0, 0, 0, 0]      [0, 0, 0, 0]        [2, 0, 0, 2]      [0, 1, 0, 0]
336              -Fm*^T4s<CM"Ꭵာẚ훿ﱳ𣗿𧮹"x"MshrJtaN"@d14_Q        [0, 0, 0, 0]      [0, 0, 0, 0]       [0, 0, 0, 0]      [1, 0, 0, 1]       [0, 0, 0, 0]        [0, 1, 0, 0]      [0, 2, 0, 0]        [1, 0, 0, 1]      [0, 0, 0, 0]
337                  rsXOtQmO*-GJ"aeiou"J/Q2*%Q2O"hy"4        [1, 0, 0, 1]      [0, 0, 0, 0]       [0, 0, 0, 0]      [0, 0, 0, 0]       [0, 0, 0, 0]        [0, 0, 0, 0]      [0, 0, 0, 0]        [0, 0, 0, 0]      [0, 0, 0, 0]
338                                    fqQu,eG%sGvzTQ1        [0, 2, 0, 0]      [0, 0, 0, 0]       [0, 0, 0, 0]      [1, 0, 0, 1]       [0, 0, 0, 0]        [0, 0, 0, 0]      [0, 0, 0, 0]        [0, 0, 0, 0]      [0, 0, 0, 0]
339                                         *CGQ_*tCGQ        [2, 0, 0, 2]      [0, 0, 0, 0]       [0, 0, 0, 0]      [0, 0, 0, 0]       [0, 0, 0, 0]        [0, 0, 0, 0]      [0, 0, 0, 0]        [0, 0, 0, 0]      [0, 0, 0, 0]
340                                           _J^Q3+QJ        [0, 0, 0, 0]      [0, 0, 0, 0]       [0, 0, 0, 0]      [0, 0, 0, 0]       [0, 0, 0, 0]        [0, 0, 0, 0]      [0, 0, 0, 0]        [0, 0, 0, 0]      [0, 0, 0, 0]
341                                       J"↑↓"V3*~_JQ        [0, 0, 0, 0]      [0, 0, 0, 0]       [1, 0, 0, 1]      [0, 0, 0, 0]       [0, 0, 0, 0]        [0, 0, 0, 0]      [0, 0, 0, 0]        [0, 0, 0, 0]      [0, 0, 0, 0]
342                                        V3.>*Q"↑↓"N        [0, 0, 0, 0]      [0, 0, 0, 0]       [2, 0, 0, 2]      [0, 0, 0, 0]       [0, 0, 0, 0]        [0, 0, 0, 0]      [0, 0, 0, 0]        [0, 0, 0, 0]      [0, 0, 0, 0]
343                                       jdS^s+<G6UT2        [1, 0, 0, 1]      [0, 0, 0, 0]       [0, 0, 0, 0]      [1, 0, 0, 1]       [0, 0, 0, 0]        [0, 0, 0, 0]      [0, 0, 0, 0]        [1, 0, 0, 1]      [0, 0, 0, 0]
344                J_jC"3ê"T*RTm@.<jC"<àR"T-8@JtQd.DJ4        [0, 0, 0, 0]      [0, 0, 0, 0]       [0, 0, 0, 0]      [3, 0, 0, 3]       [0, 0, 0, 0]        [0, 0, 0, 0]      [0, 0, 0, 0]        [1, 0, 0, 1]      [0, 1, 0, 0]
345          jd_>vz+V?u?GeGPG+m%~/QddCM"<<"Q)Q]0"smhdw        [0, 3, 0, 0]      [0, 0, 0, 0]       [0, 0, 0, 0]      [0, 0, 0, 0]       [0, 0, 0, 0]        [0, 0, 1, 1]      [0, 0, 0, 0]        [3, 0, 0, 3]      [0, 2, 0, 0]
346                        VQjksjVmx+NKi*8d16K"AC",2 4        [0, 0, 0, 0]      [0, 0, 0, 0]       [2, 0, 0, 2]      [0, 0, 0, 0]       [0, 0, 0, 0]        [0, 0, 0, 0]      [0, 0, 0, 0]        [1, 0, 0, 1]      [1, 1, 0, 1]
347                                   s_`smvs.[_d0lzcz        [0, 0, 0, 0]      [0, 0, 0, 0]       [0, 0, 0, 0]      [0, 0, 0, 0]       [0, 0, 0, 0]        [0, 0, 1, 1]      [0, 0, 0, 0]        [1, 0, 0, 1]      [0, 0, 0, 0]
348                                u?+GHnHbPGjbcz"^H"k        [0, 2, 0, 0]      [0, 2, 0, 0]       [0, 0, 0, 0]      [0, 0, 0, 0]       [0, 0, 0, 0]        [0, 0, 0, 0]      [2, 0, 0, 2]        [0, 0, 0, 0]      [1, 0, 0, 1]
349                               l{zeSJhCr+zz8eS+VJtJ        [0, 0, 0, 0]      [0, 0, 0, 0]       [0, 0, 0, 0]      [0, 0, 0, 0]       [0, 0, 0, 0]        [0, 0, 0, 0]      [0, 0, 0, 0]        [0, 0, 0, 0]      [0, 1, 0, 0]
350                                        .U+PbZcz"^H        [0, 0, 0, 0]      [0, 0, 0, 0]       [0, 0, 0, 0]      [0, 0, 0, 0]       [0, 0, 0, 0]        [0, 1, 0, 0]      [0, 1, 0, 0]        [0, 0, 0, 0]      [0, 0, 0, 0]
351                                     jbu>R!rhCG6G.z        [0, 2, 0, 0]      [0, 0, 0, 0]       [0, 0, 0, 0]      [0, 0, 0, 0]       [0, 0, 0, 0]        [0, 0, 0, 0]      [1, 0, 0, 1]        [0, 0, 0, 0]      [0, 1, 0, 0]
352                                  s_`isM.TmsMdc_z)T        [0, 0, 0, 0]      [0, 0, 0, 0]       [0, 0, 0, 0]      [1, 0, 0, 1]       [0, 0, 0, 0]        [0, 0, 0, 0]      [0, 1, 0, 0]        [1, 0, 0, 1]      [0, 1, 0, 0]
353                                VSQjd+cjk.[032.BN4N        [0, 0, 0, 0]      [0, 0, 0, 0]       [3, 0, 0, 3]      [0, 0, 0, 0]       [0, 0, 0, 0]        [0, 0, 1, 1]      [0, 0, 0, 0]        [1, 0, 0, 1]      [1, 0, 0, 1]
354                                 VSQjd+c.[64.BN\04N        [0, 0, 0, 0]      [0, 0, 0, 0]       [3, 0, 0, 3]      [0, 0, 0, 0]       [0, 0, 0, 0]        [0, 0, 0, 0]      [0, 0, 0, 0]        [1, 0, 0, 1]      [0, 0, 0, 0]
355                                  VJs++kUT<G6FYJ+NY        [1, 0, 0, 1]      [0, 0, 0, 0]       [2, 0, 0, 2]      [1, 0, 0, 1]       [2, 0, 0, 2]        [0, 0, 0, 0]      [0, 0, 0, 0]        [0, 0, 0, 0]      [1, 0, 0, 1]
356              VJh*3Qsm@?+\|*2@" #"+/N3/d3%N3"+--"dJ        [0, 0, 0, 0]      [0, 0, 0, 0]       [3, 0, 0, 3]      [0, 0, 0, 0]       [0, 0, 0, 0]        [0, 0, 0, 0]      [0, 0, 0, 0]        [2, 0, 0, 2]      [0, 0, 0, 0]
357                                                           [0, 0, 0, 0]      [0, 0, 0, 0]       [0, 0, 0, 0]      [0, 0, 0, 0]       [0, 0, 0, 0]        [0, 0, 0, 0]      [0, 0, 0, 0]        [0, 0, 0, 0]      [0, 0, 0, 0]
358                                     s+L&@d<Q1.(QZz        [0, 0, 0, 0]      [0, 0, 0, 0]       [0, 0, 0, 0]      [0, 0, 0, 0]       [0, 0, 0, 0]        [1, 0, 0, 1]      [0, 0, 0, 0]        [1, 0, 0, 1]      [0, 0, 0, 0]
359                     Jsrz7Pjds,R+ehfghTdcJ2\,}hJePJ        [0, 0, 0, 0]      [0, 0, 0, 0]       [0, 0, 0, 0]      [1, 0, 0, 1]       [0, 0, 0, 0]        [0, 0, 0, 0]      [0, 0, 0, 0]        [2, 0, 0, 2]      [0, 1, 0, 0]
360                                       csJnVztz|lJ1        [0, 0, 0, 0]      [0, 0, 0, 0]       [0, 0, 0, 0]      [0, 0, 0, 0]       [0, 0, 0, 0]        [0, 0, 0, 0]      [0, 0, 0, 0]        [0, 0, 0, 0]      [0, 1, 0, 0]
361  @c"weak trick fair"d-!JlfhT-M.:us_cG.u+NYtKrH7...        [0, 1, 0, 0]      [0, 1, 0, 0]       [0, 1, 0, 0]      [1, 0, 0, 1]       [0, 1, 0, 0]        [0, 0, 0, 0]      [0, 0, 0, 0]        [1, 0, 0, 1]      [0, 1, 0, 0]
362                                            Total:   [109, 172, 0, 109]  [66, 108, 0, 66]  [176, 20, 0, 176]  [99, 75, 2, 101]  [107, 10, 0, 107]  [130, 53, 79, 209]  [70, 152, 0, 70]  [217, 129, 5, 222]  [88, 125, 3, 91]

[363 rows x 10 columns]
